157.499504314087233
159.258740743222063
159.518008197656457
163.564801762979982
157.591959704199837
157.609945821092651
155.334679239290352
151.413142400478080
151.895129439335534
165.080551110456639
160.771951917025973
160.642061157129206
152.425436351892671
148.078545889102713
150.820953310746120
162.452091011464233
159.161447529303587
163.727918740185657
155.375426452117864
149.213777561537569
156.833744544322286
155.734346249571615
157.037375376502297
163.751707433851095
156.810485919199692
156.867886394827821
159.234499908419451
153.016704209836064
156.249363368470711
161.249414658282262
156.471915228356920
156.807757629118385
160.966597287848685
157.186174929397907
161.538387345497682
158.058555750657575
157.346996846920831
159.898542292870957
160.421640308196345
155.284952352069496
162.184965941843132
150.074986105931032
155.884012814868214
152.631711421950286
152.870138996009160
150.636328596473334
163.523485620843246
158.866630277380665
160.013116149631401
151.069410498128377
149.416058432061646
145.261574855941717
163.402121463093181
158.389717801107992
163.195835850403029
147.055591447301481
149.332358772684813
156.115314519663826
158.850284265138583
158.336839711567592
165.254467914881729
154.153292332333564
154.531470932199198
158.040270878961508
155.174919974675277
155.807028043407001
161.419508297039187
155.999082739952286
159.005086143491042
158.887570368020619
157.811612303425051
160.172835115632722
155.793264061580572
153.537001776636316
160.668480259620054
157.518738593007896
160.036603645316092
162.051997512288921
157.496711038709037
156.107618678406595
157.636838569286368
158.448478977404562
151.752597464623534
163.353853220755184
156.601208414283462
159.013398851855044
151.420047358447164
145.451657997180462
149.084857562649205
161.990732961715906
159.430045877920264
164.537416588501088
145.564522031270428
148.012651554250454
153.508833069457722
159.267402637781117
158.361753441058028
164.081758927836717
154.217727418738036
155.816356649378292
158.058505575870015
155.923962130180371
149.585917628204697
162.573376218647326
159.314872490875672
160.444775491297406
155.797887591297524
155.046425597055560
159.841506966261448
161.850042534564437
158.547248766544953
162.182124551365519
157.189556681130597
155.484569971662097
161.930519500826875
155.780078677677182
156.542691374630351
161.132934553501002
154.961647815561946
157.152577760684210
163.116350978826574
158.141101535255984
159.220564704867570
156.702479723975671
152.843412861451100
155.409520548700215
160.666846498477724
158.222821541286322
161.739337136827118
142.531712124783951
153.265315037609781
152.262149297217775
157.857175483393490
158.649391146021941
163.292577171551756
154.674717531051783
151.546116790306257
151.065938341148325
155.946549287790361
151.487190413288090
163.900615414860084
157.003717239470802
159.777028596071517
157.031436704710472
154.546940886802474
157.202540109601216
160.791296451641273
159.081416971020559
162.676514169105218
153.756172190390089
157.169030406184788
161.704727888040338
156.880961942916144
155.494215840058843
163.158018697554382
157.444805092028986
157.541145212142936
161.787869847639968
155.384258808968013
158.666395140148978
160.479241040516314
153.113870935027450
155.904473443627268
161.714733921621757
156.234851908187551
162.452635920528849
155.178541754190718
155.648954853085712
157.797244009794866
157.154734724162466
158.490802234304198
164.650178811807990
152.180175482517370
158.187656000529898
154.997892687590905
149.956028852706538
155.043913509798813
165.472166186171393
159.419913666075558
160.446768449950838
151.311088839501878
144.587250149600465
153.121520408803093
163.351326408502700
159.171980189454757
164.190405878625427
152.239425952488972
154.117184482548197
160.526799900337096
156.933892965943528
156.296782171869779
164.469542181357156
156.798351993761969
157.860003868047471
160.773614824466449
155.852439275717842
158.245215768402062
161.138941883838214
160.607225303985530
158.739142069872116
162.780023469493869
158.581141091597260
161.374595482372598
154.850597784523416
156.925838853460732
161.405030320136518
159.365903815458466
159.847214916249470
164.963581514325824
154.140380294084622
152.455928294532526
160.770134924730996
156.368240786931835
154.830123246706449
164.964042972446350
159.811942810564148
162.845042613850381
155.867464330018151
153.484063211981123
149.122774354636476
163.514236191207118
159.826252197548428
165.788368552744203
144.241116547248055
144.058111993132997
156.465534743313526
157.904029622770764
157.017221984148705
166.210119007847993
157.058014537152218
158.367072804659728
161.554641343471076
156.933971643121254
152.778539604073472
165.141457817299255
160.219421632789050
160.666969237199709
161.343477956531956
157.935336597610899
162.670363721486353
160.772076441353192
160.174211986162845
162.634117721248060
160.342710057345528
157.238842617275992
166.000590689168462
157.845744079388851
157.303077615308979
162.616769590787897
153.125621170419038
149.754295751201198
166.251679843475273
159.881012814901311
162.521137854148066
159.047087121524015
147.116231656622858
157.778831123189121
165.265641806529970
162.100291237080995
167.175560213211270
140.876637739570526
150.025536734902630
161.295587594238782
159.706795593327001
158.649674644802474
168.590504829476203
157.517554506973681
159.320201424758096
161.391691382920925
153.021830419643152
153.013129520696140
166.742448753612507
161.159044485526721
164.970077938201484
160.268492204303783
156.046957649804114
161.057093374908447
164.185450070741410
160.314046414285798
166.685636552008248
158.570621413295356
155.097558242729349
167.010718621114052
158.975834816370025
158.446260993263451
165.524388335985975
155.999611456228820
158.180927932263785
166.788041888527630
160.961491945979844
163.843117928428200
164.292196839323083
158.785230176839718
161.125473978878233
166.223751640904823
163.747988354517958
168.756032173348331
155.902117476719042
155.983399998957054
163.819897444835789
161.917244976182275
159.730686044480365
170.344847983264572
159.482591421004855
162.014443258238146
165.288066280449073
151.690841558290202
147.077024172085260
169.841054202054494
164.654166310502831
167.078461624617944
162.096566688422996
155.021246508765557
162.967140606934180
166.419372383282990
162.247859187780278
169.848133445010774
156.809315993038467
157.622262679504161
168.694519900399484
160.222705771226913
160.293263296893002
170.513822245429196
161.454282965460493
161.588305128451225
169.544781578004915
160.937130690640487
163.693276167019377
169.496065811056241
160.161356289530318
165.993325371958690
168.807257795056444
166.146238639811799
170.822414072938670
161.906941656118477
159.018892322567922
168.564645044496359
163.345028472186925
162.117024097364578
173.335726215366634
158.627205690903139
162.968248891362322
169.508431117813927
150.433627237874759
155.229298663943467
173.151325205138534
166.715663402248197
170.108845728014501
167.079861718507289
153.779016610888505
167.184918111032061
170.398549016187928
166.545401779975236
173.819630390143203
160.200724798298324
156.279017771122170
171.839284041843086
162.554377633783361
157.101413675357236
177.133295854562562
164.905489847811907
165.839284446555325
173.110532652962348
162.993675116316751
166.716635709655236
174.290972512399549
168.033473515810925
172.754532089485792
172.088625766836827
167.034406904889750
174.545347135965812
169.718218899368509
165.349559660282097
175.745821077708626
166.125159602789410
165.290905520322127
178.346471856803817
161.244243771839393
163.688299043505936
176.858734032412343
158.992719787213218
162.934477699966152
178.795895856680318
171.474579268749835
175.286805009441196
175.477985568278143
166.223396168605603
174.997580416881107
176.694595179380826
172.946318979147236
180.688625133448710
167.358669286097410
159.646570974702939
180.104134655463781
169.538546032805243
166.311743516072312
183.404119840816719
167.445432684566526
171.205238132032775
182.425636536942818
168.630661002956145
174.438105507926650
183.722053272725361
176.050979865224292
181.498322217755742
181.866444471873336
176.207055894065832
184.319551997803330
180.417499554423131
176.418450134179466
187.186796192407996
176.361860504779344
173.410774171089457
189.490429817218228
164.036267362499444
169.815979949156144
190.566200212551564
174.017152619115222
179.291419958859393
192.078132938983856
183.078508013926211
188.108826808865501
191.603749807239154
184.250630581534438
191.824409247600045
191.709766747398419
187.189845722069379
196.127854194675251
188.143467311814391
184.227236233892341
198.441460661796924
182.409400565642130
176.412460195110754
200.462401989259092
177.942292679381865
184.310880329614349
201.457711111311937
189.518878232900505
194.052640763329293
201.135423573404466
192.413065033570149
198.191735101909472
200.102773329291040
194.100653689327316
201.202719711756259
196.426202271716932
191.596062069991717
201.957674333474586
189.908916653219251
184.311973632653519
201.181109474021639
176.617600951834532
166.346732793063666
200.525583485344015
183.990673514756082
188.192465723338501
200.636817925461202
191.272059921834625
196.042148625662378
200.040189015297983
192.928396278823840
199.434084996077900
197.642308111026665
191.215952704244330
200.022833885608406
193.257989345835085
188.259859276587520
200.189750046141228
186.424711141856619
182.474586020275467
202.151252217478515
179.437052474024910
183.366620647804012
202.540084161928490
190.495767480829699
193.366346119440067
199.895492383440654
192.011503906031692
197.154227994014775
197.832846476580073
192.739666948918654
200.584085765578408
194.851685002151441
188.905910835092385
200.561724996074105
187.913065603523876
175.696365089194586
200.646649179969074
182.941406990743729
183.840260066712602
201.247390975277114
182.526376550658938
190.461215561301316
198.923121955366298
183.685543636772735
194.736104021503593
199.321368000911093
186.368308926053089
196.287476073263178
197.327496651415174
185.654427537524100
197.172771023249737
196.175550149304570
189.434492525656850
198.643013314760083
194.367751048110478
191.782385181846308
197.625898362950295
192.230350113597467
193.941092457747118
198.879554590341058
189.666144217015784
195.490378124404202
197.040617942602182
186.717033695943599
197.260166756511069
197.224394466525979
186.759352210058637
198.478232144387022
194.703068680594583
184.073166166697462
199.282765437307148
192.002219584718887
184.854684147920807
201.018394486448756
185.605881200021031
181.400911143551895
200.274708947913808
172.602830299645632
186.787873941912608
201.726128860852867
189.133990796208650
193.199336737209848
199.804631413154709
191.732598846448042
196.897640271818801
198.037582222280577
193.377491099279553
200.974057641448383
194.281148430541890
190.275328814171445
201.173848259590329
183.417365566937718
178.880568626785021
201.134421375730625
177.712517743294256
184.613712817520053
201.815155175856376
187.043894250533498
191.882460325923830
200.421469324379302
190.034394182052836
194.823002038393781
198.106420259564516
191.851695986427330
198.740339237834974
196.030599024230156
191.786729275698804
201.555323245704898
191.148272061373518
186.196725323018541
201.761120750958469
181.472943726001887
171.101188284092160
200.784765034522650
181.470344513019825
185.669551794805386
199.849534653777482
189.225555998971515
193.851467928345528
199.247844556383427
191.445942040442219
198.052827236432734
198.565737969262329
193.082174687168077
201.177433079975117
195.260495455605991
190.848768018986163
202.392380239456742
188.230620937445423
182.627080145893387
202.245487871609868
167.024507739587278
179.505024551059535
201.162448234698985
186.772714689401795
190.385177813750204
198.763669308336546
188.424985004537916
193.042348986358405
195.849276581012134
188.749583115434575
194.730344838352238
190.868256786350258
184.804739039388380
194.168502981112994
185.498555162026577
180.993017434749049
193.770997965591903
170.012143173644034
161.312706534358171
191.736096640333784
169.633183281820948
174.828258698453027
190.082624725617706
178.571168822225275
182.190766582729538
186.743265896261875
177.662729089909135
183.386825108320863
183.885053975309376
178.052389636508622
184.781455541191264
178.342294758158488
173.856853073922252
184.541050212422874
171.004322782959804
167.201561015788968
183.973528416396391
164.308514656693632
164.004017400809516
182.967994146641502
169.167099275305702
172.740347516706009
180.413839112925132
170.147475039572214
174.503418251217141
179.225665431822591
172.593098798502666
178.310028436791299
173.584052475825047
164.986125282377401
176.983976053238734
171.909842274781539
169.033073209947077
179.561703552293608
154.907027517310667
160.968143057015709
176.625193669222995
156.053434802106864
146.555706608510405
178.330264358482111
169.950262030749627
171.900090248730123
173.093374474433716
162.174484579073521
169.419820837739451
174.541015306915369
169.302299622774228
175.113955282568895
166.248891520797713
160.320040296421666
172.876908791079245
164.495456141498892
164.556490292610960
175.238557407824999
159.685443588744931
160.534415982586580
173.668287819218250
161.633567858525709
164.674064803601510
173.412648586521527
164.697834605506046
167.705579670021223
171.323685619326369
164.989230509791128
171.455112404343254
166.341379339228155
162.511459862464989
170.167935687506770
166.047259307850766
164.372399361735859
172.893622167627257
156.829182322754548
157.933806036134371
169.550721452538113
157.140734377179541
156.130444874672548
172.433012858561824
164.631906390049352
166.932547403987371
166.489130931364144
144.437707947804256
160.383314243500735
169.307359882545853
165.217305234424117
170.571003894299224
154.926162121551386
152.223096663638330
166.422643154754610
164.955032655485354
160.871709919842203
171.366437512878804
159.479640192252617
160.631153762025150
167.018114086106095
159.417974186955462
158.137183050936471
169.494527493176008
161.461246224707565
164.432777089013996
166.642951871894383
161.572807559601273
165.413307642421074
164.536515650366937
161.779447552662219
167.324642273301663
163.264694928010044
159.648441735785553
169.486678716311843
156.001692052922039
157.573152907986611
165.827188675691588
155.850164136073062
156.464557892609832
169.260763360145518
161.336151988265073
164.005948484960555
161.109325670088140
153.302407675034601
154.379905996235635
166.739452433600547
162.633571878403387
167.911332927396586
149.690775731543681
150.570235767092498
160.188842741548626
162.075239181777022
162.908959034044926
168.850142169930734
156.888644825210378
160.454603170274709
161.033246870792027
155.261289558909510
152.500900988208031
166.178628271888186
159.630547547419837
162.397840901431096
158.826872050392723
156.840407476432944
161.595070859150439
163.330720602969336
160.449381277490062
164.174923591914393
159.824889908335308
156.125536913168020
165.440482855307181
156.460539098927399
155.959937754560883
163.771991560756732
159.939580363878832
157.042876868797492
166.192596512377065
157.381353248718284
161.910102586241891
160.229117201899271
153.480070906330269
157.603400518043003
164.780739715518848
161.926953177281121
165.004753102759253
148.360093450110298
153.132832165580396
157.572223648780778
160.993547840575985
158.623894293785895
166.732939512464270
154.945679687433795
157.953271865392537
157.456502275622910
149.645840648874326
152.232445779083264
165.983994452778063
161.222263127318087
162.525000528406309
154.115233823461296
151.077873733128712
154.006171126841451
163.190791815637795
161.147073356834142
163.802951543354965
155.168932441755288
155.160107263971042
161.667745965413928
157.264304947852509
158.334482766503356
164.030995923345301
155.273760811796024
153.527685911803189
163.877243703167068
156.878493922420745
159.413704556242806
160.028572813636856
156.488684075680538
156.311011537504470
164.639605200068445
158.584968063130958
162.045391959564853
152.746961947297535
154.106785883898084
