163.201281710375696
162.680862676607063
162.471501169890018
167.292751611880703
159.290652444097361
158.766165590166736
165.807960540589534
161.222516683729168
162.714347351990568
164.322453827257505
161.426082772355187
163.286849462477591
137.786783128143611
158.346761728144031
162.580669615347745
158.881282916697558
155.608492688591753
148.353175789881163
162.615407877105042
160.657345436837772
157.427653466351160
161.345497365421352
160.027145988106980
165.111388265924234
160.326428094467133
159.427874968744192
166.890544826280177
161.388605753977259
161.075689910153244
165.939452337974700
162.451202686674151
164.166932632569626
160.224891830009540
160.869658289286093
165.479604844541939
154.716084481323804
158.178413631644275
160.321180568523857
160.218596920233722
159.095127123116242
126.043200846061580
161.685672165939991
159.736450451191843
159.814480575264611
158.471016793131525
157.629435327593626
164.989627853836424
160.506257110672323
159.227480467797761
165.568478757944320
161.636084165564057
163.325317146393161
162.790125004343224
161.102665763153539
165.587280087820403
153.536250932870701
159.629691771369949
164.021382210666076
158.320907308825156
159.741980559826317
158.314022201034902
160.342196406171922
161.260231441468108
151.801835965902228
159.474232728083479
157.720010459203621
161.530214072240653
159.321491052644717
153.860970121691992
164.765117089689284
161.050121137681231
158.578527825811733
162.075472762674110
162.377876477551666
163.837031881989276
159.946732501722636
160.969711445476349
165.848494237683667
159.022997548321058
159.823428999831094
162.799688540085128
160.482389542111463
161.170976623419108
146.423571465329502
158.813561585155810
162.850111896345055
156.923723218854775
157.387567568687274
156.664445957796488
162.519092920507262
160.537767243275454
156.025590509970783
163.354212182455512
162.129286155881687
163.855438311643724
160.741252621251391
160.754016021032385
166.138068735053366
160.057438737065468
160.872136113018712
164.876357099355687
161.602531591481181
163.232803437236697
159.238598936697258
162.781252067819310
162.935652530833153
141.971799660952115
159.107895018934158
161.839481749868014
157.827137044182706
156.225302256614441
142.685149677110104
162.896951102100303
159.930756032509635
159.349984540105993
162.745204375934463
159.594566152023674
165.576372511806596
158.852120605615823
159.788798845004692
166.662373354976268
162.194929346766799
162.436900250344991
163.097475310002125
163.299602924028562
164.438765695160470
158.084715649647165
159.806023770954397
163.495339194349015
156.982359944018839
158.196990849656117
156.853330048392110
161.522079019620605
157.058591666814579
142.963117345025296
161.320269879796172
162.489670183106739
162.242658291822409
159.101245664199780
160.089541803546751
166.119526423869843
163.421894446330839
160.201657645930169
166.086966221471698
164.037616221274220
165.089808696280357
160.543612884596627
162.534244757594195
166.415048563160553
157.812816386547581
161.258636936877650
164.745521792703244
161.629707601525809
159.256523645321096
156.280256939946810
161.422494933053400
160.859242185260911
158.839317299022497
159.933036213461179
158.384894004048050
165.230268724180746
159.449040502212398
154.346794986368309
165.657039869379105
163.155829375876806
164.142876722016581
163.272369838025355
163.158419748082196
166.798047823525451
160.121158644836214
161.594823225445936
167.408575625638264
162.498486043471644
161.887735809127804
162.315299890190630
161.260228230559846
163.076324090729685
140.567252049120953
159.410762142477864
161.363567586985283
163.507726481734863
157.496493187804901
151.291624071444460
163.641254221849437
160.139508264897160
160.649552121195143
164.912590145228137
162.332480246252317
166.649959251076638
161.501611639823011
161.532468607999363
168.435517413595761
162.006463546611826
162.613072583569789
165.184043689822204
162.197039356191681
164.548374234170637
156.482317900896930
159.375509391434747
164.884174311397885
155.356422643434684
159.685671321752750
160.867083930889351
162.281042591361995
161.363734516676942
152.729201317017839
162.346419310621854
163.586338722213043
164.298684674110007
163.621258049234257
161.973995958358785
167.392351935678676
162.757309271314767
159.600974492742125
166.721823741627702
164.479863292722371
165.595636864086885
162.458828379903196
163.264755025148020
167.407801694175731
156.031441586244370
160.549494627189375
164.365553357151015
158.331447868085831
160.809561039688560
150.112236215543192
162.969481502821765
163.326362724352805
161.258821516886570
161.769578551303709
161.042949850772970
166.719097258200549
163.187290927027135
159.333674457491810
167.964890602740581
164.008225865549662
163.547608670504928
165.582111413391488
165.314955795021518
167.129022083046550
158.582198704174687
163.949040619237820
168.092143533462178
160.557413707775481
161.018090716782780
164.312308555615971
164.570374552234796
162.685966581095727
154.345612718541787
161.757976909806615
161.283122739854264
164.708629255514467
161.238674391420176
155.656373107436309
168.511531804842036
164.156980998063204
161.467821269480993
167.342853796405819
166.093714160205963
168.701096651741921
164.613714552011231
164.200885207666033
169.910903583759023
162.331878970996144
163.443350580201695
167.778267844602965
163.906168093685437
164.347047751161256
160.016899187208395
163.764866020754539
165.220036082768075
159.720030303511294
158.666748019175287
160.751721259866713
166.660617621141625
162.830472376096736
156.741893710602710
168.689204285485886
165.436677703930286
167.846887470909252
166.176720982309291
166.371719805290780
170.945903167025193
163.409973864870778
164.327599292733055
170.955955112626299
166.238068226051098
166.092505825184219
167.087208845451585
165.611844467352654
168.289991131280203
150.075483820504360
163.403255117480853
167.281587147012203
164.175122877321883
161.743976695698620
156.603878487524526
168.041311225435607
166.082910608573172
164.154019283852335
167.138253004274048
166.066881187141803
171.265671372875886
165.757231451802852
163.359016954785659
172.856332358205719
167.254328041149506
166.383064802336833
171.057148735357998
168.726565907044971
170.166443832131762
164.041745767399789
166.458148463692595
171.250090608380532
159.321267040865905
161.886181627354517
167.481710226383342
166.546239494333463
164.456576276112855
157.204521459209673
166.798934518415024
166.573735150327337
170.188583957083353
165.354853242472132
162.834400590532908
173.825204469624794
168.069938238033359
166.174299757502979
173.487197658388880
170.375938098472602
171.720480919958874
169.706613601196210
170.086009435851366
174.156446851373943
159.805796399526542
165.778528714198785
172.550622311877930
165.113111916540760
164.758496360739741
167.213948424985944
168.082996286893234
168.877640791852315
166.949505409128420
163.598752088270459
164.648567075927843
173.708747448448378
167.520444527876009
160.429682212011357
175.154236731815132
171.342644279212323
172.328803009347951
173.215730235664807
172.405073641642304
176.492764593967621
167.393393131385864
169.787108421051158
177.286745177706564
168.148010281071862
170.670055638965948
174.779119342311446
168.931970526808584
171.338699100497024
167.994934023208600
166.848739227990905
171.209760503502650
172.012323683776060
161.480165806806582
163.703014262441656
175.777069743609047
170.720857208293637
171.284636788327305
175.540059043013940
173.616117896966557
178.311117402202456
171.839500666219408
172.480093818333984
180.708232188979167
170.364302893347883
170.814956191844658
179.861079591853297
173.302646271965955
175.758940598362557
175.833224240414012
172.849931206131487
177.538217407978834
170.902357751597009
163.750970227638618
175.572273157802783
176.070303933315245
168.315010270816060
174.719055152935397
177.390739901665484
174.187395765451129
180.696294804865602
174.905984963211807
174.126989608848589
184.448160554615299
173.473527792837444
171.652692288632835
185.419737931282327
178.228792797387996
179.806048710081257
183.737490743572238
179.875062169627824
184.037629963350213
178.879979522072631
177.008473821677569
185.766348383853170
176.142294684787942
159.981177322647000
185.737046168634322
178.926892063235755
174.082093697990359
187.296757022211352
177.024191251190331
175.677767490487611
190.586386000089618
172.217018099027854
170.665460701313634
192.939855639570737
183.784998377748309
186.076638644911469
193.581762206088456
188.474284578352069
193.105674587969418
192.130562173354576
189.491095766908728
197.138358745849303
187.232466884067833
186.906623681121459
199.458186231953675
157.167673831877977
179.665456718625535
200.493298747284484
185.884963142852683
189.881633170483923
200.547476451136390
190.041662664636675
195.734365945187903
199.844761397992528
190.339457233502543
198.718992157421184
198.528263297222480
188.209631968392955
199.924631681220973
196.761077434376006
186.728140330301073
199.785266821336165
194.399848550696959
189.173220347755375
198.484705453280839
191.691341003896270
191.736834347989856
196.864773713611726
189.579742418230552
194.341843019975727
196.884633848014744
186.858477877689893
196.924195853783743
197.673025271780546
178.224379415534486
198.292316880048844
197.170331125813732
180.002483664853685
198.036971322240987
194.523092013724067
185.379703717654309
198.156899453449427
190.536295352056555
186.301112233608308
200.246476878654676
184.862012733263469
188.813467363375452
201.174799536909347
177.822682067370124
190.235701429936626
199.940339617780182
188.811053156746283
195.010221478894692
198.567100276135363
190.974329204188138
198.905730314595417
197.440952998534584
191.906425045515448
199.991214240178607
192.873105877411916
190.001694550039815
201.939644607140025
181.562112565584357
178.092384191458706
202.904720446773240
188.090440267567345
189.806039585313613
200.667896484729766
192.202624633934107
196.621231517890635
199.200709610188397
190.864849933169438
197.920917420184168
196.919792993498930
190.820990328751321
199.776318349422468
193.595574201896738
188.764610803750259
201.221412366442252
188.324901815182614
184.165316294155787
201.738716483464941
179.742955732672499
184.050422960950073
201.918028582142284
189.392019473383499
193.174247205441958
199.438319523346877
189.237037689543115
195.937178371544974
199.417054911266234
193.093857871451746
199.402221584320529
195.360418170965914
190.815747054806081
200.713523637423606
189.784264992868486
184.927111076932079
201.678521994247745
181.134453786383688
170.798040322347788
201.051615878171049
184.310754577382198
189.036978728365511
201.650247727268066
190.513984122142944
194.722898181043888
199.033201608698789
190.640330531270735
197.015910301471848
197.659590785549369
192.800348076936274
200.891646408504755
193.780740176947234
188.494060690615015
200.549854771208743
186.942895551871828
182.458573389117362
201.307874270470279
176.759521727869753
183.911945028099808
201.916121483634441
187.111029039559043
191.613809198234037
200.645226775722819
191.111205915093336
195.656960586042715
197.483738056473328
190.851134706999574
198.457673141605881
196.119414467475906
191.580129270566317
201.393873641150122
192.016115227248406
187.939833755919381
202.067776613413855
177.206753721264249
164.930144223638393
200.535489705655266
179.222875515788729
185.247794648397559
199.872549117284564
189.046512501834229
193.622324716964471
199.440128185980257
192.071599250231628
198.372257132123991
198.242730786527034
192.427874475572878
200.935927443758430
195.564068103903708
191.069947784358789
202.359294003639661
188.752154573513167
184.146353532911718
202.425963361017466
172.414476568742657
181.515313724775012
201.061822007646782
186.704576392500542
190.585234670902537
198.667804976747391
188.150339681385759
193.168935571376608
195.581797081786021
187.845058741323811
194.123966614629751
191.605647545308045
186.135040458583717
194.457911064391681
185.302931078352003
181.315584235331897
193.872206578262194
168.828817030385437
165.862660042843856
192.153664180620211
174.827704650881515
178.719497677699195
189.431321673692679
177.489343570755551
182.109897876107368
186.452415137818093
176.319244988106789
182.879458646801709
183.738409133672974
176.130596046156739
183.683747471098428
180.374534557467371
175.586463746900534
184.685056161814344
173.125460729230269
171.260567102592603
184.900137899825552
164.698287596476348
166.851582504994411
183.426553699939291
172.025424494437061
174.209994737945919
180.350498970963855
172.529120530778897
177.407565486809887
176.170404761580187
167.848225670898870
177.081863830349420
174.434105215139112
165.498649350985403
176.431188963666870
172.855191475268782
168.276035412812689
177.875296505421659
166.674015601083795
165.594169186594257
179.079000397465791
163.671484069574717
162.553765793415039
178.488963081845498
169.946433464965338
171.329509560698000
175.547103636753519
170.771759962212144
174.804668065290628
169.746224775626757
166.805789794231885
174.313194208776252
163.069452183105710
149.914429320388535
172.368512196980703
166.784683249849479
162.078051316560845
172.045118440635207
164.046979707512861
163.357864534146472
174.347155585611858
162.452125961451515
140.983757680619220
175.012282504630889
167.641104831737124
168.797404353924378
172.894393253603482
169.228553963178854
172.815204462115332
168.540104798697740
166.997184485007494
173.586499345459771
146.683016373432366
161.477992694785428
171.777090349265251
159.856645292071704
160.205420758067447
168.537526573580180
161.211247393904728
164.019618601942881
168.388933674257714
155.473244762618236
158.233666168917921
171.255043524891846
164.396966064414016
162.944433861683962
171.179844872502429
165.384456658946647
169.159958817660652
167.094881358213797
166.578368043956431
172.066496079454510
159.541443090627070
164.207171347081527
171.730203875292261
162.688014062368637
163.089614764551271
168.057327008489466
162.849209634691533
165.638138063560660
162.284016209966182
157.646952777511558
162.918692922795714
165.718400396043933
157.657714205082442
152.312421734882520
168.239123380024921
164.592696985161126
165.931590548830741
166.121129670324734
164.983006647244054
170.083152811876857
162.589509469951679
162.225482938194688
171.237616720890770
162.874553520090785
162.458209183832423
168.544716425477958
164.088800367173320
166.150167134702571
160.925017673291450
160.670216385596746
165.474588959852497
157.289768757216962
157.372097757710833
160.913462689087112
163.576914090642333
161.632548683507366
160.537681525852946
164.964293311876247
163.486036436088654
166.779425696701622
162.540630038752397
160.787317052567431
169.808849496999983
162.164937164963533
162.590910055487797
169.205315205300650
164.826075258435338
166.263111072867048
164.972701799957235
162.417286386858223
167.763953278155611
148.613902671091125
158.310442602844915
166.171829172391057
158.681751657428350
158.979314274494385
155.288834647503307
161.325118244339620
161.022938744300745
160.689457468070827
159.972780168615088
158.562417977914322
167.313528291916214
161.058064103557570
158.618398405801400
168.476807583580410
163.759000859492659
163.610259630874452
166.051003047775254
164.558666511322883
166.574442961511011
160.040474531662596
160.624218349681598
167.159841076723637
156.911612896619204
161.237646413644597
161.832009040714865
160.796114537385336
161.795932671665241
149.131242298412360
160.368878974017804
162.192197285268094
162.713373861197283
160.175323647436642
148.889471955920499
165.907136521474172
161.068908571347038
161.076624242832168
165.659686778706117
165.013579378065344
166.220320642491544
162.507333428820544
162.837822506627276
167.313591583474818
158.480239595933682
159.532765017322845
166.275434477425449
161.228599389494633
162.062782902764809
158.939169428382996
159.285452287528784
163.696917095828383
150.968691161289257
156.524942734922632
155.392355285423633
162.850593880272299
159.547584894656381
148.693280134356826
164.907395436558232
160.528316486781137
