160.886539569799993
162.189566910841620
159.819793439917618
165.303012035005565
159.899061531245025
159.994010185988571
165.984798961184765
162.246748161419362
161.189715630113540
161.416808298302499
161.708267829922363
162.294003267086396
145.820846897585056
156.960898605157354
161.653534950709599
157.539046038203310
155.648137094821408
150.555125208605517
161.594355992831169
158.966585644405399
158.879932597121410
158.535062029719455
157.493448583054715
164.821643057906556
157.496049116214039
158.418438958454487
165.627235185879016
160.284734426577302
162.017645699632965
162.435983942521659
161.060829788873946
161.301091193699023
141.344849217067406
155.259825453358360
160.524462042786212
156.345716889182029
155.964128134708318
147.466805843841058
161.575000877438384
157.260264356662958
160.406171226678367
161.687718413415524
158.631674157414039
164.314714359005933
157.279443199312283
157.093452021985883
164.950846301108214
158.816789808519133
160.892079780189221
160.133102713153761
159.733956418266644
163.811304336167041
143.316411759522254
155.882808591103668
161.810264140291594
156.020612401354072
154.377453860487918
150.475453744725939
158.289124929841250
156.833258480239351
157.838029036046663
159.130385819406371
157.870279201669007
164.069887829664083
158.538174205125642
157.490254806533073
162.770293723403029
161.224599032372851
163.435236552283811
159.423606446805167
159.298273120963813
163.801009816681926
148.411757128391429
152.933196186274387
161.971608681032791
156.073480143964275
157.282904330103719
144.516098412088922
157.405028389496010
160.503167033376940
158.677706845414633
155.439778766797787
156.761808927286154
163.077121949354819
160.099573994025064
157.703322341771127
162.577560165151056
160.918562416744379
161.818419147672017
158.457885093350910
160.431971421838739
163.704947082782439
149.684902328435328
156.970627718232777
161.324972375703396
159.355674258288389
156.186105510823893
149.546550102434765
158.515140252731925
156.761019798030702
158.464985014458108
156.785794487605187
154.279284909948331
163.103169513109094
154.773626206228357
157.136414197486658
162.994338449410037
160.774468579123919
161.514028220752948
158.886200377333296
160.403829502533540
165.281361019632953
151.742406412178383
155.731651946970402
161.462308708979890
153.751836338926665
156.271793680608909
157.716049508258948
157.346789172720889
156.884785384962726
157.315362675190556
149.631292290267311
152.142716334106012
164.035181126770311
156.862468008317990
155.733315301835631
163.908272566820159
157.663971629551270
162.684196677176203
157.779820914234449
156.725730252066768
165.566152870103508
153.159438119434867
158.801601531799463
163.497359696145395
156.923496787449778
157.966774125603166
155.096882253565553
155.447089032389044
158.312939152277579
159.614011497214705
152.859127749779844
154.951736406070893
162.909808140721680
156.951743594137582
153.880612087655237
162.262783022661722
159.889197298489222
164.031699266321311
159.488299575113786
159.239827602439561
165.555594028083732
156.097046650739713
157.453092400978505
163.602073835358482
157.476335753358541
159.147858607683929
156.357311150797386
154.830257775598596
159.682067867666547
155.944111927784888
144.867000851821047
154.145871241229173
159.793856369380336
156.600297177498163
154.051605492215856
162.138462480624185
161.434965017416488
163.020795953933202
160.120202239478743
159.959678565323770
166.290249659850190
155.408801571633433
156.885431181686641
163.808784063021676
158.242755696716756
160.593904686643668
158.836111291371907
157.313671473072787
161.314488425450747
157.310771585983076
153.652181166624075
153.746020316612402
161.476840095904748
155.745676051117954
155.329902912533868
162.796273393475104
159.660195922224432
163.919052206783647
159.122055278615107
159.506582087646649
166.526083076424754
156.785463224598146
155.585006144341548
165.069625618548514
159.786444075609495
159.623504814741153
157.401188367578982
155.031290742085901
162.260463075860002
154.776984001856761
145.732849135601782
157.863846563360283
157.546397709937963
157.296398005464596
156.922710910840067
160.087129436183517
158.870106389522050
163.463403421795192
157.306090942354587
156.770170131564470
166.598773666492860
158.099779294465918
158.435267905875719
165.263493103205917
160.263230928944580
163.004418676450939
158.808735371353151
155.932929030635847
163.319257145737993
155.406007784087990
150.604397918118707
159.554147759147583
158.566332929384231
152.510172939766420
153.785500354092164
159.733250550934116
157.230250184449346
164.817416229177354
158.380771082475633
156.691994149023373
166.685648826728766
160.224975987951041
160.546978995734946
164.449060471614587
162.053833259273318
163.621482712348779
158.824441074350602
159.896676839122733
164.675581458349598
143.841788964987131
143.743228883513410
162.163220140963631
159.026232749102860
156.998372119862722
160.748989176767282
161.089125042240994
155.721985667794428
164.651392307952676
156.679134267134543
154.706605349774406
167.508777575490313
161.802018327323395
158.401593959622573
165.390222972888864
162.120527444395577
165.431581589495210
161.068866240447051
158.554767500993762
166.408057173665640
149.145659742894196
152.721450731222973
163.414557722106224
160.076430503505549
155.351758659599170
161.979330717910983
158.412317888597102
158.501042198102027
164.730006250183067
155.543603278074556
143.717154111896264
166.814420640279423
160.180418370673351
162.281617525398929
166.169783579741903
163.608914748411820
166.777021219118296
158.373597659875202
159.746552650997501
167.616760058910813
147.911497928915765
152.531855958288133
166.654986192332899
158.116599559916864
157.407135015018781
162.259931438207758
154.599705001839766
157.952111857091467
165.636356448743214
154.543986655291491
147.398285562611477
168.171786201914188
162.605601505851155
162.876442182754772
165.769293007248734
164.587895550694128
167.982053648052698
161.352239855333323
160.952493855789328
169.937312732120915
143.657180528582103
156.931201478438368
167.215694372784753
157.590207165042415
159.288718900571553
163.734824204161839
156.457964540151579
157.973012251101409
166.196556609036975
156.766093961793104
158.826192866849595
168.035571779188672
164.088473394664931
165.756242250671903
167.348961305881659
165.224099228188379
169.339372126137960
160.418808209615349
161.864250694347646
170.995615123964029
156.411992204703893
157.393102057342617
169.849649729926256
160.753948348306636
163.128466187560036
165.955998925132207
152.917004619167983
161.257291451375636
167.356943298108774
154.541730752678433
161.993775360345637
169.286943874956137
164.732899023399284
168.048524703271084
167.147000416027595
164.206512517249195
172.361490312521028
160.691048847194452
161.256406362223288
173.286691555246989
161.008837743558473
158.486054800437330
171.376808370759335
163.299663733970817
166.804407483821109
169.461609483174357
159.342317637398708
167.466595410220236
168.587998929058898
156.138362538351856
167.397169093049627
169.542416722522432
165.553301576160209
171.280982437158514
168.531255632089369
166.053120429396074
174.673075958518780
163.289666864255366
165.948305680161184
174.201084258321885
161.711642929529773
164.060841699310743
173.964544206267817
166.138022656483258
169.638510518679652
171.482963333602527
164.511995379455357
171.594866770962767
171.354505140018261
161.509329708561836
172.605208750434571
171.155883521520337
166.035888396838402
175.419750187560084
167.899112538824340
166.488244218423944
178.172834423966947
161.561584711504167
160.021009339453741
178.846108592844473
166.955475323487235
169.725700437529696
178.069708278031271
170.607358275872969
175.073610421123050
175.772111705725763
168.675187605569533
177.062525338072874
174.122323632384195
166.502316604825637
178.301671473197132
173.161549678124913
168.789239958858332
180.611004395046223
168.308669699776431
165.041238029200059
182.855359955899303
163.553144642688210
165.608124352599816
183.766679878008574
173.006111964284628
176.514791678581446
182.942625962898035
175.846136759690808
181.563007728515458
181.449137683227804
175.629972633483931
184.500942226695088
179.655963392641809
174.408295078508189
186.777592221202497
176.780679117446738
172.658105996332580
189.101950263776672
165.584798813749273
146.979980074593470
191.124050049014500
175.964951155010453
179.996678595021649
192.006501058329491
182.931684108879409
187.837004322415709
191.858603842466721
185.453223031916480
192.466355216739515
190.836922969193523
185.898517525983067
195.750500860964365
188.869755384932148
184.695954113924302
198.437957039697295
182.701462592024370
176.810343388719843
200.489787770064567
178.141392165247368
184.374764540149840
201.468439237823020
189.505125111678240
194.007869662219491
201.197491883658557
192.791878593730104
198.489093257259242
199.792041052279330
193.418679485343489
200.922757230284844
196.804970691922051
191.993014920801727
201.974606933441180
190.138653229031434
185.562488926685916
201.446345217296539
168.691026149115800
174.061338638957352
200.245898887345277
182.684083188111686
187.985159253416157
200.553485149329703
190.767884426282677
195.757530377980970
200.164211360922536
192.900941977954574
199.308128388946074
197.964370258898896
192.087806758566501
200.327008609255699
192.726005696173701
188.181386439714203
200.496004707227968
183.613833546004003
177.320975668567087
201.844407947718253
176.149206302040653
183.998710455196061
202.276074793611599
189.299290183088004
192.900713919726002
199.668749463952196
190.275830953781650
196.004952427733201
198.477418529987631
192.723541282558955
200.146644206957518
196.071629003796232
190.844303166092544
200.677169303821785
189.431142753188766
184.656980746141357
201.182508188564725
178.190633464775260
165.866055703891448
202.426960204277236
185.908927057338332
189.392320779746825
200.005177261661856
188.886834965853268
194.624736710448644
200.364509482519793
192.921797760937068
198.385591481409449
196.899019790279198
191.452302406676893
200.089620822084868
193.087692739364940
188.574606767664591
201.408867507008154
186.664268547569975
180.771531835037365
201.254021554676456
172.922194214416777
181.484531368794393
201.987316498664654
188.798572582304359
192.087418246893378
200.240883500163420
192.254616782443009
197.506433683676676
198.098186220667685
190.244186388507103
198.458024106017092
196.151396241218094
190.994145505459898
200.477844500786205
191.292929737039373
187.555724316511203
201.969860228210365
181.317506851640331
175.613763213967360
201.353336797775142
185.828143326787654
189.306321898094836
201.827649174261182
191.526800398851435
194.934530278733149
199.544016809756897
193.328569346561466
198.905451258804419
195.327688722853907
190.607904273888607
200.865854442699430
192.369769220462217
183.834755721310046
200.134990937552317
186.326581026212608
175.632253535650051
200.033421799479783
183.599124567073716
188.276385075352664
200.785239240630972
182.150246754773093
192.259822789406599
199.584079429031647
184.768908077006103
194.222301619441538
197.093839015789740
185.521834252163956
197.136976487479956
196.160875805358074
185.148849505646950
198.882564435497784
195.500478353406208
189.580439495125262
198.620553981722452
193.387356216537256
192.209853545720421
196.961030556951243
190.476541335810765
193.740438902234047
196.119151913334747
188.274547203211739
195.823911256137535
196.850997119797057
187.301401042367729
198.261840253850380
197.051413628701397
187.606135728603647
200.152898318019965
195.534809631870559
187.839774042888337
201.297579682348243
191.332040926480488
185.365422724610198
201.616897954216654
179.730661792868631
178.476287981973258
201.103449501654950
183.788610444403872
186.978237795043015
199.521057697151463
189.619953166741340
192.561674983241630
196.635066628291526
190.295103532540679
194.988472762674462
191.712122841780939
187.763814490615289
195.403421836883524
182.690138163488626
180.925153397764660
194.164269174712331
165.548595190745147
172.634958326780492
191.553034512178186
176.675346242433250
180.458978189717129
188.384357648570841
173.212093541398076
181.419737961799143
186.486106182694584
173.915748130996121
181.146392097271900
185.101133196922234
178.688285854346276
183.582164302124227
181.740741272705691
178.434341027704704
185.605558460557404
173.748091725020174
173.645772503363247
185.601427643928503
170.299626765526540
171.675842523459892
183.030357575661043
173.775583243715857
176.478069154824880
178.491837020525821
170.537310672739693
176.723755846727613
175.962406905404748
156.381223192107029
174.467012945027648
176.680203547043135
170.835604584488067
176.348142707973494
174.964964028183203
171.702255501714149
179.766131178633060
168.742201599264348
167.724863276330723
180.151174500021796
169.429187882831911
169.641857698827039
178.030029924615604
171.413964519399883
174.089955698281216
172.103168706088468
168.674212955134806
174.304442255116044
169.002850875451969
141.746887926860154
170.430390978596876
171.443130440630739
167.108562995143785
171.246910239745432
169.500739400720079
168.699951235134762
175.793008806211617
165.296227759527170
163.688744091180695
176.777932970223475
167.511740332360034
167.609082381083397
174.366333884174367
169.518805604931856
171.674608926241234
168.041371241050228
166.908369545996322
172.088294009938494
162.056931512805932
155.667855175896875
169.622805398918530
167.542561041932402
163.557672638331326
167.539920023543374
166.513355229005356
165.483455085533961
172.644810133724945
164.598616372634154
161.020113789338609
174.057851918311712
166.665852837944470
166.738056791121238
172.110083815122607
167.747989594443595
170.914773392122328
164.732212873160165
165.813807680663501
170.604873994783162
152.258938500450483
157.501765603760958
166.176058473320040
163.933618636937240
161.729684747720341
165.405932991035769
161.776542204504835
161.369911426884357
170.744057143464204
161.920417740142227
157.894637218679918
171.626117117447791
166.289106978934569
166.045728065140850
169.180602121996657
167.250826676023962
169.780208646757842
163.270072354161073
163.476373506450869
170.096865797133830
154.295010341992622
159.835420639553831
165.320161371949098
161.665861244264306
161.948737294334251
161.508829736832411
160.821379180444552
160.983669041558272
168.217565602475304
159.649476378569602
153.862561505367893
169.341838274427971
164.989532773926271
164.660934769006502
168.422572412217988
165.641694267876119
168.920173535281862
160.303396796602613
162.760697657084506
168.880565702032698
154.533477836700342
157.441353288091960
165.743453160679906
162.151511158765373
159.071646287868958
156.961810889124081
161.169810785076237
156.709552784581319
165.956452023231463
157.972194858184707
147.653913213339337
167.837968958321483
163.259516672778346
163.457503380360578
164.905883631926457
165.196533649543795
167.903155702373738
158.963790648380268
160.635136690269519
167.926844151540649
157.249977388643345
158.865111536803965
164.280818969963036
161.257200039568829
160.251433799636118
154.728091206292959
158.297895304227666
158.571634469182726
162.828323175729821
157.397573663540726
135.747884977071777
166.537693459985917
162.841277714497863
163.179648122906855
164.166243971637044
163.778706042972260
166.706528159080875
159.545575037062918
160.483253062807592
167.423533429391796
157.876360439525428
160.074836885002810
163.809443668035470
160.503728999896936
161.876308736632666
153.334618265314703
158.127417912897727
159.494579161843689
163.283729744716084
154.326621098121450
143.411418461696087
164.716786761417609
160.321601912616785
162.151273319136777
162.142338767797554
159.981678154766996
166.118710823910021
159.701532669503479
159.289891745907568
166.265862438219898
158.667968659610324
160.653169666934872
161.926237295418503
159.423272138838058
161.936595394333608
147.783061709175939
153.594223364634104
158.868773137748207
160.948989896067047
156.942124666067912
130.987920175661429
164.048173472171754
160.520462567212576
