161.122486728814010
154.832471255611949
148.992592347304566
161.101957840501029
154.424085348960773
154.034117694301983
163.490483392842378
152.694916628139225
157.550441437263885
159.297675151299075
145.509954310750572
150.676498820502644
162.327371917517354
154.034775797535474
160.150707527933747
157.612393459994991
154.663423368381331
161.936865773985176
137.343340177297591
149.402537432075803
157.580919981412165
155.481196346676313
152.847590064716655
163.294748276466521
153.633260058459939
153.820451558741269
160.938289432162549
154.519132305699912
154.750931521185976
154.742211957845427
141.806868761425847
146.385407211042690
160.988677781970182
156.641070806586754
161.228987206080262
152.837188409385647
154.085535146401810
156.849157732839586
147.342202350370513
149.540185950982647
162.137341970496152
146.882243882970130
151.121319940157520
164.324338809271012
154.030059890425150
154.401189857298448
158.836042468871540
138.158256704318092
150.491784253198887
160.491955384250986
156.645173952168705
158.656480364729504
160.054385153991802
156.903689719234734
161.429211874217231
148.882050553965598
152.116390448665072
154.564347449350464
155.837311488104518
156.665686677536428
161.807785576789286
153.457624777154592
152.951594916920328
160.508811425947187
153.898455542498851
156.602745830792372
157.039472712106999
145.228706065138880
152.776444567983447
161.403762116416488
157.960929531387251
162.215252382114215
151.280990442160430
148.376205416392736
160.250407549746939
157.370727943322748
155.061377899909644
161.484376771490616
153.114142246946358
155.027463803738186
161.627911576134807
153.345102125348802
152.361578382494798
159.934238277675576
144.772125342399022
148.372240221691015
162.047058914422223
158.223087081090085
156.873160536683997
156.160413963655230
154.524539536380075
159.354779451339681
154.064192744513662
150.571327562362939
156.395679480081895
156.757715719070859
154.912143368833569
163.149818712017094
138.696697608453832
155.938468533871884
160.874603184158730
153.772732970285119
155.353184345460903
159.070944682323272
150.179603463652796
153.622520148440856
161.268612851700226
153.401312336207866
162.658135112515993
151.208238142004092
138.647855701071535
154.560168783679444
156.349535021038264
155.849109167674015
161.475630422748367
147.890910790824194
153.243698341881299
160.227471898303435
151.947418780653067
145.569420702421382
156.721394440713738
146.638123665136277
140.242299550067571
161.283972438546783
156.153012453675728
157.594971798755068
159.439650975510631
149.995415842503604
159.380962190857616
157.002248188562646
145.881080632890104
153.379651554674155
157.766040420174647
156.102692710112223
161.530244665512868
151.179819346337638
146.252288484630498
157.258119067717757
145.026433861602612
156.332681443787237
160.008407498403699
157.047696256298906
155.147697425857189
160.909193436647172
154.695496482156528
162.410805636416455
130.148045200349941
146.781390767483771
156.583365440793102
155.914092146310253
156.809735492709507
162.839220690827943
151.491052228203841
154.972542183800982
162.826018897491053
147.786002679837225
152.616209754970470
160.313084053991531
150.087972708317579
135.821697256632120
162.065841510531300
156.794067343065848
160.908480508992625
155.175405583652662
154.088160962323059
158.403416076143685
155.701275291412912
152.876898880877235
158.066523076952365
157.838300218703466
153.701798753712467
164.298470829835537
148.788385727278325
155.433905523834483
157.148812759080101
147.621751214789242
152.099795624056867
162.615590256840193
150.420652212326189
153.828960846485671
162.580494695582416
156.980559504733208
161.947776373798263
147.919501265430881
146.438707882018434
152.374900425808107
157.546573902139187
155.759843591675121
163.828452686081619
151.988209351908694
147.708610956259804
162.889625421209644
151.992245955178277
152.400018431141632
157.651703429246311
153.335045088038157
126.378735669651519
162.762224766255173
157.780154493610183
159.608043384676108
157.630736441039232
144.855051583033287
160.745609129487832
155.959940012959322
154.703364377299579
160.248411827187851
155.940606738842632
155.686722005275499
165.461257485204044
137.737015564891806
154.531758504626595
160.653606509861362
149.476189240008381
153.360592701974923
163.012885157163254
152.464580206197667
157.587722134351367
160.592694098765804
158.239440548896880
162.581025107420771
155.454503752688851
138.165207230867367
158.111244597671316
157.569664643846295
158.153661061107897
165.249208977083072
151.236565342172867
153.318627736028958
163.253624153007650
149.336714983835975
148.672504422857543
162.381625491929185
151.843625188536606
151.995339622440099
164.626765089600497
158.163193682407012
161.468344862561139
157.744243174792416
149.966488975598452
159.373518913030466
160.821345082112003
155.813807797168323
163.030163767102920
157.933271281933060
156.743402833791407
165.018794928883921
149.947057981462478
145.369147395310279
160.963544654248125
146.330713272401567
146.332936324154900
164.766264610869541
158.925770010766286
159.494636536300334
162.702848034212991
157.470166119092681
161.871425236964484
158.799236471812378
145.960381502561688
159.543272188094704
161.785983117026575
157.471890986690710
167.366274678359616
145.591663005827996
148.199483509163485
164.430935971884395
151.230900819980008
157.524687089059597
164.527570200266922
141.559566787368254
152.337724843885695
167.007937949332160
160.898627647784281
163.964010671152892
160.267272702737813
150.304963968418775
158.231891353499520
163.814422061193142
157.811056512731767
165.990216200101315
159.560223755956315
157.372176769202781
167.649322320968992
149.841398970458044
153.120347001769943
164.565238051608787
123.986856328929335
150.625756789048751
167.152329509249427
162.160722386708983
162.634820996576764
165.173226992603531
159.765513189531021
163.504723726139900
162.949701495998312
156.950523684935291
164.394908683748895
163.800526550312213
159.464512156458568
169.261734018876439
142.537010030469816
155.922967067687949
166.905715650233105
155.475295389733873
155.211289056257556
168.019262079427875
156.005055828883343
156.788940341616751
169.215050233648867
162.345142805514456
166.542670272714133
163.170584747949590
150.310308419887150
163.959389502692943
166.512946911496215
161.463822336757943
169.019949748550005
158.994967559688860
156.825491163357611
170.297179314873119
152.747254708793378
155.209536020937520
168.402036722146363
152.429066104259164
145.972298329162726
170.671246356240516
162.103054867092169
164.811323160229534
167.282984172086174
159.204944357334341
165.599396725105009
166.205892489154223
162.778960205537317
167.771434014595854
166.770690171587006
163.856912580737941
172.031460940482418
139.570918078997977
147.284223745018295
170.756320687828975
152.130036306081337
158.270592675015450
172.115465572088937
159.542281167520940
161.064901828588859
172.197481629300228
165.060063087512390
168.933286597234257
168.242463767874028
158.271964560855139
168.050474670011511
169.518156758943462
166.101986938950517
173.017560801850266
164.032005826798297
162.578363845392772
173.881215026257564
154.499267702752377
160.719677699502597
174.648219909696991
155.123103422083773
152.769534885395814
175.633286906274066
165.908187037192647
169.259165615222713
172.254095473419284
163.894430531785588
170.434526142070240
172.994138019926709
166.418600311114943
173.652657664270976
170.783849477729916
168.095344502825697
177.039348678895976
156.328918751257362
150.269575498267415
176.362540012618325
157.468432403253985
158.211267608068795
178.178600076710154
164.673358237069294
166.847574041121277
177.992889516502856
169.683792763818502
174.745441872683500
175.706785998566431
166.920962538718243
175.805227190482185
176.293789450536053
172.634134644667512
179.965295409850341
170.776629316120307
167.215121965316143
181.288667957549052
165.124850602116595
161.295369848774271
181.854913653756114
156.850597159961012
161.518060796855593
183.838452409559352
174.196750840436778
177.340638597058813
182.351111298713192
174.191043555200878
180.559725604686321
182.333789296830503
176.542769799038695
184.184060773975744
180.876811590158610
177.498853110188918
187.687432010432047
173.651516313922230
168.001060542253839
188.939457146201022
165.100946533743382
164.587136728901100
190.964325528376293
175.137043459947819
179.870775201063452
191.965937265663399
182.879129271637055
188.046444927583764
191.664659930501898
184.547763666691139
191.981440741936524
191.446171826258791
186.675811725466730
195.839188223570460
189.022006420579373
185.545522517934501
198.757451248066275
180.108438520178680
171.627823431670890
200.249395258920259
176.155610511158073
184.185241147748940
201.346052517552920
188.724818835869087
193.379028465084843
201.463248330010714
193.340626641214357
198.708422950636219
199.780709297017950
193.643158999343797
201.142692179757461
196.330706325281000
190.994734997701187
201.701207822275137
190.828282932108351
185.732246130806914
201.298872896187163
177.156563836630596
153.585118856157891
200.629917591825375
184.493753726516161
187.958462387048797
200.760645275630367
191.480705067743827
195.984267438447688
200.292488690966422
193.812482805754172
199.886297891780487
197.301751694475882
191.729913181351264
200.621779297765158
191.066988852433951
184.737379588500858
200.156722031577800
183.436808962776468
170.753118798236301
201.235889692419647
181.886563568460559
188.322411601767897
201.221806666327666
184.117884161060488
192.486413278979001
198.901700611931886
183.649767828290294
194.900500503949303
197.901574018098074
186.682493838841083
197.921109127814418
197.594081707021900
189.513725829094000
197.570691763357303
195.186951153837896
190.781157227823712
197.682958918886726
193.511391065726997
193.185502019909990
199.255136860408243
191.072162811761899
194.803239637534091
197.049497754887341
189.612240601999360
197.249520769501572
197.463761527252444
185.381511035019116
197.768060727389582
195.865199703547262
186.651951933135877
199.357456760324396
192.838907600985152
182.644551923657133
200.399149383480079
189.163148727895674
182.152866565787946
200.461650413948576
177.465563113294479
184.034753279738993
201.482962109018302
185.180813525971388
190.713818807560813
200.098572184018792
189.714746793973575
195.520757893437150
199.669233733564568
193.247265328023275
199.220189835056061
195.875503724102998
191.348670607099365
200.672555533475304
191.006301610929029
187.931203892570807
202.259766666893142
171.030366027436742
172.845286996533559
200.914881252376517
184.683370838454891
189.710183703263851
201.431298424441025
189.824696128497919
194.455449908534661
199.110890936159677
190.504338770726747
196.946994818798430
197.647057762796635
192.538574058665375
200.711588425566674
194.316499859916519
189.788122418109964
200.933711012665242
184.631582893514945
178.274444303322412
200.982185501654698
171.507324910997028
182.316628233005559
202.042406504273401
187.707930241333230
191.737838080091535
200.605903781427912
191.046487796149393
195.554169199645116
197.590785671533069
191.084573811695805
198.600477972158444
195.956062147944721
191.261751227236289
201.331067497375670
192.111598275307699
187.902341543630939
202.040969292799701
177.966509617208317
153.816851411694387
200.616802609357251
180.312995245709516
185.629465290470250
199.769947457831165
188.866888404523905
193.556103125095319
199.397684496353520
191.807567921907719
198.173344110573453
198.508435332673656
192.996118969912771
201.162318877497398
195.215112165919066
190.597144410516933
202.310717323571737
188.586939082630096
183.523357970746162
202.319789425776008
169.791842243423901
181.027523096955576
200.986298576339436
185.750069163664790
189.802343607951570
198.947020566212842
189.098066786790923
193.531121617047859
195.503108336499508
187.938357040517843
194.327085965210017
191.341868696995334
185.775588416244716
194.426976394479766
184.703408543968294
179.969761029037102
193.582951008570490
171.109602644682894
159.140862313684352
191.815574689230203
169.048944220305202
174.901558026864677
190.137894442446168
178.315877418261010
181.969223020357106
186.872972706851073
177.852303807076851
183.424243921758773
183.646073886030706
177.337764103317056
184.539954796536335
178.933326028343600
174.478368171435790
184.862085507013546
169.177115344195443
159.944866133870136
183.467822865496942
158.799795902461767
153.066289083765781
182.965719432326779
169.201467872585681
172.222745076766870
180.768122045373588
171.077590037741004
175.674741914835010
178.110501203119554
169.611765640156364
176.396500632782221
175.527446182732064
171.201949981571858
178.979386414020922
167.614224222167991
162.862003394166322
178.113310320012317
163.625012560836353
156.762392940099176
177.813347611142973
157.587286335685775
160.317745665506436
177.453592498332853
167.131260193621358
170.350574053375368
174.194294861587196
162.404407429435821
170.512939771092505
173.339513035800906
167.877705679832872
173.990746989599245
168.675381833387348
165.645355801731029
174.881929730081936
159.534437165433644
150.965723559308998
173.396633397553273
158.176125449401781
151.720880531391117
175.200985439496492
162.675562283320716
164.522876230252280
172.284830563272862
162.800780692718433
167.448539433864710
170.442931362332814
162.780823323790287
168.505735142622882
168.926080023509570
164.912596031451073
172.031223982665580
159.304581584091068
151.659413174456489
170.515967295640621
159.960634068429641
155.122789202744514
171.846629005309779
150.886387513555405
154.880654168997751
171.731221379986067
162.350400369708154
165.435520114588940
167.821688637728357
156.533467703875459
163.984065012543425
167.935229841053513
162.891124421042520
168.494082878068269
163.948027074219283
159.130058583222308
168.981611115454427
154.949223599977586
153.817205672067530
167.853537932939844
150.225161242690120
152.425617533078082
169.886564326593714
159.688185664396002
161.846406712429911
167.602063633938030
157.150679100419467
162.491349998831282
166.177921600996569
159.527213859391054
161.551762312671627
165.824494640059584
160.773316793416427
167.749379297995659
152.433617468775935
147.003497883921938
166.203553031151358
158.002061370178836
151.835613665708962
167.005444718960774
153.339665332560315
157.238540436153244
167.839052772964862
159.010475923269865
161.881404048220190
163.510177123266601
152.678636482153195
157.884809567233106
166.212757238991713
158.194288905900493
166.185249610822382
160.113954124965375
155.079168700165553
166.125908694677491
155.340264736856909
149.830401586297626
163.803246355839406
149.038237195347392
152.814858059772888
167.236252449118012
158.931137019923995
158.995820379250631
162.298932331741923
155.625942474441814
157.947490586920424
164.068577813543470
156.895552150271868
161.328302567472292
163.238867515310858
159.200522904289954
164.622951007986131
129.492753970479271
136.233418062344555
162.570983461279354
154.711560049495006
153.779284624841011
164.854735341064497
153.032642058770847
154.549161602842730
166.230761977535224
159.221380827403806
158.527327842835348
161.531315306854736
147.865965134419412
153.831331576933962
162.922034437370257
159.518682775321537
165.063625118856663
157.628444687443277
155.193556644877162
161.962420296098884
152.065548447605408
153.577649345035383
161.202217511086843
155.869552590559493
151.536117364321740
166.020021795399316
158.291889585092775
155.941170143387581
159.843821015242668
146.056353816755234
158.945847838749330
162.443985715458865
156.174854534551571
157.929726540985627
161.719436825766962
157.599785868894116
163.471511311219217
155.762290533719408
135.431654902201899
158.736509405087020
155.958095806733894
152.975560397151526
163.387531167575133
154.026369956542169
149.697746583691497
162.522412225426706
155.637166978152180
157.040505545677462
160.378111263565586
143.629611051556992
153.204261663200867
163.117806089238456
158.150402020093594
161.860089926125454
154.385239361240224
147.028926949179407
