156.223919980145780
162.273096690396443
159.373270092314471
155.089211812936014
162.143323957572505
161.625867349854957
158.176209469070670
162.469498927911388
163.987495841455342
157.832207818296752
161.498971705882724
163.354088933430319
158.925567767641439
159.950283366194299
163.011115792924159
157.632403510304385
158.292197560235792
162.640796303522052
158.919368506491281
153.053901461167698
162.213134782529238
158.820943487641699
158.455075760096378
162.678367604079853
157.121979694388585
157.713402028009597
162.228941077976231
158.547890244611068
156.258644383682025
162.437926905401724
157.924635770126599
158.381623561523213
161.291850078630205
158.173434240415361
157.793579358234439
160.662822534688814
157.328856808799117
157.341943492801619
162.068410809750816
160.963727241909822
158.889337391169079
161.440595197162111
161.351191322595042
159.048896579316022
157.191440629711707
161.443777166902919
160.578194331432883
160.923814164786592
161.163212897592189
162.491234334480595
159.597193453152045
160.232951954034547
159.182429916715307
157.611285598531083
162.009986264890017
160.263998973432194
157.991099903490465
161.780996127703759
159.894585424524280
156.129493197842550
161.035313357498325
157.341082216399059
159.746493331466468
161.448023205613566
154.414560807755151
161.340150144924507
161.208363503359095
157.589539278137721
160.381696778262750
161.614614576002339
158.287905927326449
160.794306594625880
159.845557606139494
156.952942857156302
161.310028164925001
159.260038146112663
157.475945558780609
161.555760155083334
158.741718814717331
159.326346523303499
162.204394972726817
159.425779253309344
159.137057192610030
163.203144708410832
153.994427358070254
159.891305606206089
159.833910071787614
157.495015431005015
159.488813673587913
161.194530294622041
160.153851045164458
159.088600457837430
160.168788011579238
160.874783427489120
157.977889023976957
158.706433148435082
159.120712360060054
155.557111482405986
161.787164665430964
159.491973536469459
157.409729994970832
159.738131003420392
161.502272596492418
157.601345220864516
157.231582287810227
162.955049485819472
151.943977296958963
158.503103137509981
161.345957716371743
154.963926414268428
154.748927935493498
161.265374856938593
153.733667275792470
155.722266033978684
163.674348651910066
153.879877299232135
157.400532560046969
162.299851578394168
155.738486794222098
152.298527654081283
162.241076804753504
155.405497688053231
157.967558649094087
162.554552355506814
156.268792902333615
153.115306817824461
159.730439082897703
159.338677469032064
157.015518963763753
161.076234102545584
159.107032728743235
155.182776151920024
161.998257734342758
160.428399743070884
155.145705228134972
160.268264172540512
160.871024218171925
154.553805585549071
160.392770596764535
161.691641247491759
157.008871712955141
158.388607078941590
163.328326284320866
150.328646888912317
158.244206200714700
164.081195358833014
154.492266425969973
156.574535282989700
163.040747612808218
150.549338447949168
157.150290967912326
163.821760158463974
155.619144346511064
156.508034914664904
163.733873967157535
155.202816476974647
155.111645166960699
164.140802996597301
157.253824102364604
148.802500935355255
163.334469587989162
156.203856670793840
146.299562731789706
162.785802302400043
157.488467227816443
147.382242311356578
162.967817830180365
159.630162629118644
148.667961141153825
162.260448371518322
161.261318499133040
142.203630699370706
162.788356537637867
161.983146421544632
140.699051094139463
161.580599122890703
162.802775881132476
153.604995027017196
160.825386859473980
163.875607992201765
142.652689623279883
157.544710464190956
163.240948010642228
150.873235992147670
158.912253809317178
162.525620750415158
146.022533208575680
156.605507459944306
164.061404304627018
150.379937595845121
153.660620031994171
164.454006298463696
154.799010793822873
148.952297373086566
163.987625157998423
156.731791100587998
154.567844101947401
163.921124579436565
155.866383221638671
152.004951450951467
165.174339515283179
159.353204477174444
152.664427106235138
164.533450302293204
157.583126153405402
154.268163584412605
163.466709536449230
163.194406238989075
151.023954244231248
161.942980464385414
163.554281105479760
151.785425601189985
162.717619959605628
162.289951407644793
150.058432659289821
161.863096212193966
163.970631011797224
152.667881248789115
161.022874705349068
164.805800886589083
150.208226190868686
157.977544145428766
164.947104382911846
154.335958199046502
157.704602787783813
164.465406741665021
157.117679536287341
158.510335142924305
165.420478974368621
157.563134627906607
154.557425674610982
164.090356840315110
156.775809344344793
154.678461806327675
164.603514549078568
159.661202711621343
157.478565939814274
163.894400369898278
156.551017221270172
156.741214706244534
164.299747378521346
160.177637851473605
158.629800189249465
162.516805393080290
162.377614350938444
159.156296693502270
162.615060850525651
162.796581944385480
160.958945454352715
161.403754065270419
163.379598039386849
160.195278501254165
161.684973639034155
164.056514871562626
160.220960918703810
161.029491442216283
163.847088270250680
160.133769310515447
161.161901197937539
163.825066499117213
160.127518698478610
160.873876523412349
164.520515524409319
160.454481652703606
159.752923576557805
165.010543980724208
160.913631609928586
161.714792079821734
164.236129096914311
161.501462899173816
160.973175392199181
165.320364901075607
161.519764624190316
162.024770076511373
164.304318205034349
162.400424046506771
162.109990070164116
164.444861620564666
161.676513021462000
164.209317910923289
164.504001757717276
160.125868100250557
165.478555651586419
161.982878858805719
162.178877341743657
165.162738134748963
161.412889219036913
162.775441621584747
165.715277083884985
160.750546936391601
162.753195337125732
165.662896237389873
161.130402524629659
164.171915603631390
164.606980367870790
162.195993948695588
165.634389820742001
166.032249150709333
164.146329174223638
165.656941349331561
164.308829066811171
163.663472526893713
165.367708190856348
164.324917819849787
165.037072005956759
165.586893038652022
162.765483512925584
165.442371068486068
165.136826012255483
162.208584600405857
167.226822292855502
164.171871503474421
162.599215747366117
167.721394867207664
164.236729943415639
160.399922531080506
168.243931593365261
162.315428375264105
162.392608702131611
168.920207317251482
161.325019287399755
161.272851835836349
169.404910379699629
163.441879316422501
161.742685329408914
170.186733171944240
162.075925918482142
162.993989687755402
169.757846568335509
161.959053513111684
164.557038634683124
169.543392953731143
163.437116123452824
164.859865706202299
169.627841672676965
165.835494182403863
165.290120941184625
169.726949985764321
167.607570645050970
165.337231776071263
168.968212263504199
169.311662938801703
164.508195588914646
167.772734678341664
170.629903767997149
165.351703967789092
166.260436810169409
171.331282920633015
164.457392006702548
164.789794584637264
171.997037878748245
161.383624686719372
163.139440874862942
172.934887228481387
162.046295289330573
159.255484169648639
173.942140850218124
158.336291086723094
141.675056098316674
174.809355127481751
160.769556315157985
160.162087725735944
174.584844729855945
162.683926937346882
163.245074569307604
175.174368743488060
165.038858159815021
165.039019438700649
175.134825901613880
167.293623011817544
166.917844358243485
174.994856162718634
169.946438810733866
167.673884541290505
174.354485955180451
172.426891856361379
168.673564620407319
173.543155421559192
174.342288940819458
169.330280690689420
172.674935382258127
175.948692638581264
170.265309696698779
171.840498458219486
177.490525596489448
168.629086465177494
169.719985242047642
178.756740042780706
168.468708738995161
165.808641827973588
179.816539580341299
167.018166640006541
160.312775792192951
180.843054873934307
163.706802369825084
158.991657710636332
181.725164780284615
155.935334039590430
166.742265568116181
182.589243551942985
161.678679831887592
172.554161597361656
183.137326002285477
169.051106568207388
175.552520278435480
183.795416679285779
174.598676935166566
178.409949317103838
184.262720370376059
178.609783154816228
180.940231224544135
184.386785337851251
181.938316896347942
182.909292034258925
184.263111643530209
184.943743283907793
184.767924693069602
183.714163430910816
187.841538027073540
186.265924482842138
182.527071209727012
190.379304386467425
187.434133144008058
179.799133774496795
192.741254004011751
188.383913839059232
173.322404274970722
194.872986680850772
188.823779276415905
178.513687176794377
196.734434997442975
188.690912358446099
186.454756288589778
198.231383610230381
187.843067425222358
191.526836448532265
199.297977375456554
186.602946305422506
195.137918472403243
199.723441145257368
186.957988377686519
197.732193425750467
199.295686513388262
189.172302643953316
199.539598665963410
197.640086960304927
190.573963244702071
200.582206202699979
193.798507222433585
189.406173194755411
201.112440707569760
185.118819470323388
180.375751250523194
201.255491000672350
187.175262086022030
188.513015383993121
200.999699573219857
192.391557514149440
196.501997868196952
199.979281103755540
193.287477562791139
199.675790633772806
197.493347060848947
191.558816851955328
200.309489285861730
192.566777817140235
187.574877548012978
200.376162666091346
183.985150537608547
176.024145268409541
201.720215725966341
172.888783622405214
183.670760908937183
202.234767880632148
188.478275040160923
191.959371332059192
200.248280621579738
192.076528964936244
197.031417490662307
197.653589317181456
191.315657556760527
199.727602131048087
196.464836306970597
191.149213913373188
200.539220398738536
190.577031553750629
187.009439374591466
201.622606620036919
170.588247349292459
178.560408463578199
201.878884668559181
181.075216135885228
186.800772691065362
200.638912859843515
190.826187829790229
195.465450460315196
199.993090635468945
192.252907600735398
198.161567207505158
196.951583306638895
191.206625522764398
199.917598836633829
193.657629652302177
189.620946999080644
201.652603895093449
185.463874071229270
178.908842745931906
201.215057645545699
172.978198932020632
182.438037970364121
201.858636085103342
188.429424569565526
192.254075187431141
199.925163971597783
190.708396581747422
196.485360454223894
199.098795321154910
192.659200075155496
199.301933208065492
195.269227658829379
190.284775220839720
200.470308565570917
190.695821429068246
186.359592701432803
201.819630993729163
181.218289478651513
174.671832080641281
201.186365929428973
185.774173003418980
190.214964728435831
201.224331998687717
188.526273231688606
193.453063308765223
199.778385384955925
192.446268007577032
197.933208550724942
196.819669148598024
191.618607001953166
200.593992012634573
194.068011277140329
188.753440481553014
200.462672992527047
187.507824438946386
183.255790776599383
201.364413915318863
176.892503331856659
183.361658144946716
202.076571199973500
188.330056969302717
192.339314460605237
200.389006063175259
190.626646412263824
195.495917155627637
197.515723612203288
190.763812645511450
198.506309672703622
195.837541022028688
190.598917662109642
200.971612541224687
193.058667130123013
188.983022669326289
201.942277938734492
184.358970453856330
180.493183227832077
201.524644547885885
186.526302196684469
188.035534761209703
200.201026357276675
191.855398272486298
195.713694914304455
198.481373808519550
192.247687575889415
199.283046720800741
196.517835430074712
189.567503393683836
200.871467118135058
194.094884462674287
184.208410782596104
201.252190193840050
190.949910366349798
183.847255846187608
200.739249088009558
186.032142548866233
188.089397116650474
199.553797988285766
177.411104059551093
190.239551661969472
197.828082917290942
175.653137937049621
190.933974529192511
195.701505681570666
181.597845353941409
190.775899618494066
193.168856301513301
184.054941563244654
190.050357590764690
190.291769928090275
185.218952400247758
188.904191982055238
187.011775789617047
185.504655513248764
187.564116895128763
183.394594467538951
185.333271783696432
185.919184845289891
179.418921202445006
184.779984724653417
184.205216161820942
175.540325869267576
184.112045952179955
182.292170207456763
173.338700037956130
183.323378390906413
180.200390500197756
174.125404755663453
182.381895898279879
178.190130780552522
175.014742023827182
181.244207564929809
175.785309584790355
175.878333268040450
180.217980726993289
173.135306826657398
176.579338035970579
178.759255339530796
170.988779999902874
176.936965001390718
177.050121631430727
169.307193639150796
177.099316113308276
175.346862657677320
169.679652413721897
176.862767493470471
172.977617007923470
169.269079799129855
176.486995267632210
171.836184747363887
170.129755243761593
176.090986902499054
169.158679906422236
170.798481255983887
175.316675269764346
167.592959651669588
170.512028234719395
174.404709796326927
167.735737820988220
171.170253762806823
173.571180199016851
167.139474296649666
170.883045935530760
172.760983770061443
168.307884613692238
170.501258819142379
171.135553066113715
169.701445300582407
170.474102505728411
169.888643846591691
170.315570942813991
169.914529123801827
168.555633694794324
170.814712737776404
169.208931634865934
167.305627868829134
171.398000919927767
167.704304851542702
165.863740282847857
172.276192525368174
165.769996239432999
161.987169144703358
172.244813848889976
165.032659690878518
162.364813452897693
171.640904693320522
164.000560690594455
162.007499400905999
171.267937603994369
160.527502846753833
160.785386923253270
171.344755068862185
159.352479159480566
162.236867929960965
170.144031755260926
163.521550886568946
163.613758451953913
169.639930473125588
165.041518930792279
162.102948928588404
169.640791729847223
166.000638296390662
162.056161660750547
168.817280239265415
166.475449183376412
161.883499688795524
166.992532268002890
167.457908855240618
160.863289184367602
166.461706847493900
167.929370665101601
158.486251159410216
164.998725573372724
168.922958608089630
156.908136799825570
162.547743874812340
168.997303957827427
156.839167420572693
161.882129463698703
168.813907123471552
154.032341268597520
155.742861608509685
168.859612336053175
155.402149670872660
157.304892187893358
168.740772199773119
157.810168103421887
154.403808501596387
169.101209055347141
158.192218972341180
154.342374972316776
168.281116515560257
162.599947953401397
152.729940748043049
167.709639964625467
162.513053921720882
150.177857019527721
166.529956889139072
163.447837265337057
147.957493522622059
165.599683074175061
163.427755195070404
147.236718497845402
165.121806653418702
164.888743080750203
153.569618708869257
164.895128115054149
166.487516439733014
151.711222506725562
163.025236564458623
166.453631360658648
151.850605308586125
160.427906974018811
166.063836547806858
141.534411647426907
160.739896878159186
166.698289110470768
146.926115346440099
156.407826614101737
167.519236919947190
149.992248560232525
157.280840909680478
166.701074975175743
151.962359931850045
155.847661972078754
165.863192146684668
157.819039041208498
148.068052754246821
166.185008865461498
158.457099379621496
146.048223156541837
166.235713771556107
160.221588876385511
148.520269971105677
165.413084332417213
161.215209480290753
150.157258899865440
164.294930827710971
163.035512100507020
147.354066376080652
163.206058266790450
163.228030511592664
150.879236946850455
162.182682746208059
163.525649768214237
151.973050748931854
160.106995380292545
164.891227812132627
151.155795039533587
161.270166522967855
165.796787981324655
147.149457942218589
158.856652728206058
164.468780767971111
150.180728285031080
157.045453463749652
164.938906498404407
152.397869443418813
159.055943627397568
164.881296224418293
158.731062177525189
155.712893595922623
164.460799285573245
160.295012183068252
155.337463486291341
164.187520473736441
158.081296023802508
156.505884575298410
164.053405898179733
155.932793813735827
154.426300268112357
163.324114171665656
162.784172386451502
