150.487291770749920
149.475587544827022
149.456412038676461
154.546464350045738
152.882416551427383
147.228975102392894
154.226581113793173
149.846362328146682
154.433136510605891
152.494284453435085
153.984552943431169
155.171604917781252
152.929209011487757
150.556651591988839
152.570488032219231
155.120846656177463
152.988324078984419
153.067950246768135
153.107100236165991
151.385783975447566
154.230732039502186
153.029618984008493
152.969126019452005
151.034600283916632
153.471010620042165
153.641467971228934
150.627956598016567
150.456140587066074
155.677032006857871
152.156255931460890
152.603986852774653
149.891792739385522
154.381077071283329
151.827059477952304
150.505755848613376
156.255442579842054
151.765491260734734
151.184156614847666
152.017572215924559
149.246865910447070
150.183046239644085
153.131694879598911
149.750785621220274
156.034071466999791
150.423754750834405
151.118926647864839
150.543788417662313
152.039560086400456
155.090276990084789
152.711852474788429
154.566498159092447
153.947844776751907
150.573237312639151
153.834442437509608
154.631696147956291
143.977528368257623
148.655955055306237
154.833180894834385
152.101599371583177
153.837497027009022
151.548784549761763
153.404683089657539
151.281009403869120
148.384963157884471
151.309890498428160
153.189089169709717
152.248183905666650
153.304398364870735
147.048481518125925
152.796059626970361
152.161082127432223
153.455122648255269
153.465291160057575
156.697735451375735
148.996974805167554
156.541363516695725
150.111472572546944
155.067571382839645
152.455412523023796
151.845025621440215
152.761138607999101
156.359730384404827
154.798715574288622
155.330513459211602
151.767000185971938
155.014460805418338
152.191722499889011
153.901729536114715
152.390237404338023
150.089454353327426
151.425046524761825
150.218070324347451
152.856931103922534
153.084852090395088
149.540069592732380
156.297734859622494
151.722014691020917
153.273636510312173
152.217033607602872
154.719857058849129
154.776049936879218
153.026409123857292
151.085490014524282
153.601097201868384
155.162156402084491
152.113724146332373
155.515818499231216
151.254961257875181
146.908345269672253
152.477762944280244
153.539804577931619
147.687094579003713
151.000510148544208
153.210776020051298
154.066921059986640
152.044450026659462
151.970800145098622
154.342563937263606
148.086396080404882
155.012638513732696
149.463453139511017
151.482479334922175
156.057383103515065
149.551066922586841
151.475800536215303
149.239050278735817
155.805587530408559
145.098397443404082
155.439910383225708
147.540476318952955
155.727653142540305
149.616624980444954
151.303018891722132
152.859519261557523
153.265742008021675
153.940230969580966
154.841158324796936
150.158009156256725
150.927699225083643
154.267270465723328
150.078026859252049
148.328294955670060
157.506434976591891
156.963989498292108
156.576258321383136
154.754085777300588
155.109000711949903
157.106653316295223
156.471761768987363
156.190903931989226
152.918342903819962
152.648991412986078
153.816791134085719
156.407286016896620
151.975453768980344
154.045764739794890
155.750082911485663
153.885970888567726
153.877686371380491
154.749361614697932
155.382878191830798
155.513763122839606
154.965430625876252
153.593575224998006
153.066011254585391
156.647439904402262
154.949802767891242
153.554384714631055
155.601328528149310
151.607902957707125
152.457062826958861
156.150486514369277
154.263817471624748
155.667525737193586
156.514284630327836
154.617278810231511
154.418086189911918
156.504120358951411
152.097616140246032
155.384093502634101
154.031875748598907
154.396460572987934
149.142594803360140
155.107419544432844
155.922289760980419
154.959022813309446
150.265472804712942
153.879239484606387
155.425383487633638
154.355100702857015
152.995687051573299
155.035075609486682
154.489323489740798
153.603273379625080
151.721881842852838
156.347355997401564
151.646784352959912
156.929609425448888
153.270061470861634
157.492192813906570
155.838010321151017
155.285278384495172
155.926763113650736
155.439950048788916
157.266217077558650
156.933597053176101
153.811161342445757
155.929460364864980
155.819178932020236
155.666152568456539
154.102617519467174
154.200049496396616
155.686314621294713
155.833343395593630
158.648365307433153
157.610070004227396
153.551694410446856
155.042247203948079
157.200681047063398
152.085930221893022
156.885092801504328
156.495165896163599
157.314451045328838
157.272045885240999
154.641667406387057
157.095596535370191
156.814610759064749
155.469596571700976
159.660070468512885
156.838706249569071
156.672543499880703
155.137797821890501
155.648832578203951
158.254791940000104
150.066627727336737
156.467162298057389
155.959901806623748
157.901451334423882
155.312571697121655
158.535172533795134
155.647622862677252
157.127022525316647
157.591552354548412
156.448636972596603
156.377032449268029
155.740736245432259
155.644274646211841
156.442163755101262
158.099887875193076
156.150073795498201
155.301118176971016
158.007007169330734
158.980017584223503
156.518551497365422
155.484655908739256
158.611272927857925
156.359022731113384
157.784422882652365
156.956077765294879
157.215180676288497
157.152627250292880
157.276374581558912
157.401929226488761
160.633817338435563
155.188614445058846
158.610222234378739
158.010729012307024
156.237446025956245
155.351514140292551
156.520841611516857
159.152020053431386
157.091972337061861
158.016156113450791
158.165803620523349
156.977307312366975
157.240798194560256
157.390220015042843
156.122460165008789
158.299097522760690
157.900493781555184
160.460459134335707
159.416583716508171
156.023044086618825
158.800806025649649
158.054275357919266
158.510518015433803
159.777175985163467
158.392294162017492
160.321409881770478
157.944254156445567
159.690140875432235
161.092698422560517
159.829913593561457
161.568655605620108
160.011667030000211
159.376024041011050
157.572533620587194
157.833768482751793
158.889871232615519
160.671417658154041
159.480668674991080
160.357826882110288
161.038507001791800
159.277502791514905
160.713412779741020
160.875745762398736
160.083293735951258
159.995618530598989
159.889059025168450
161.225190139553234
161.115260907954394
160.887808623940998
160.326396613066095
159.711538556465428
162.300370929258690
161.169844669216332
163.482577332595127
161.613865266824462
161.895145422250721
159.781769440084986
161.969860681856204
161.852997647350520
161.652048481714644
162.440232103569741
161.556664679554785
162.504788872051961
161.964690454434248
162.956100322917450
162.821105614334812
162.525475909539836
162.820779680728322
163.221434328559127
162.101336583917288
162.858289515228080
163.433419189445544
163.467411667419753
163.352918613073030
163.825768456409492
163.918166943507373
164.225976647856271
163.247277152806078
164.255671519099906
164.337238400435695
163.843580724030971
164.592167808699799
165.129803534600796
164.596360792159260
163.669549004785296
166.083042346660392
165.540956240668351
165.368982685896270
165.364443072500990
165.674710151036834
166.076721919987307
166.245148113182069
166.833233426959708
166.291118728806993
167.010735739277180
167.873672045110851
169.038170083781580
167.650251884173485
167.738688644356898
167.484742514912853
168.508106999363207
168.310561989697874
168.490010790114752
167.649945105495647
167.771034310505030
168.716745144524822
168.917309903133969
169.601738985777729
169.548230511822197
170.047658422450098
170.072371062919387
170.594551947299806
170.747205302552061
171.300611564834810
171.226880955165797
171.611674886487492
171.602654616413417
172.210903849389325
172.751201408678185
173.145039881680958
173.539430171081790
174.057077775326121
174.556531805012014
174.403477879269786
175.433339120003922
175.420753053272335
176.351894164873329
176.843504414058657
177.322326861494702
177.933188354086894
178.686621994759946
179.331358045977510
180.390058580093211
181.258322521334151
182.313989773690139
183.266609446964878
184.870486549774682
186.454366407692447
188.342672885906381
190.956750410461666
194.668508847378547
201.265653663074858
218.793166274043585
199.211268239608103
193.668019894597563
190.255363839978543
187.861182639383856
185.894206897518899
184.348366323325479
183.144169057387671
181.976889475663626
180.943856749131527
180.167864513928606
179.209507375123167
178.610649933946490
178.085997271149211
177.021598214663953
176.519312038306396
176.010990038466872
175.603147630021539
175.360243240356510
174.547103131933909
174.136058962350802
173.618310042046630
173.372072901988247
172.646902835495951
172.408647153942638
172.066281029618750
171.759463677996109
171.937589786813078
171.389153794132085
170.652659891757764
170.423191320950366
170.811085706373035
169.466686839737463
169.922234294343610
169.755220113436820
169.401144672579989
168.829315104235747
169.136986110343798
168.470703671569709
168.640656014623545
168.154230670198501
168.026706422675829
168.169875992085139
166.937663816790263
166.940571529013710
167.374425957174282
167.226246281289121
167.349624458471396
166.924541177242077
166.433294291595928
166.242611838710218
165.879549766520483
164.795257497979861
166.182297352370313
166.097965440987934
166.050703207074974
165.846611858324025
165.643881480260006
164.692630829724692
165.230897206182732
164.752281146585204
165.757350529508017
164.092553002565978
164.950364884417240
164.033636519975630
163.743077849149813
164.350517612539903
163.529818310721282
163.252260191468679
164.237045510141797
163.838544963951392
163.282495472501466
164.097624113254653
162.964378822137661
162.410699673170313
163.105226687028846
163.252949348403973
163.750239474941338
163.059803340796918
162.181358374947109
162.810151500832660
161.773934224704362
162.950351165722481
160.344954882924384
160.994179929705467
161.258691858230350
161.741656210119856
160.855974739004097
161.026838992512182
161.038196651892605
161.766160822543981
161.336392008158185
159.296845128140347
161.215916198728308
160.069847711617257
159.906828667934434
161.744446125615411
158.924958777276373
159.645555125369498
159.703673863549625
161.384808222191765
159.584319049648826
159.093438329404393
158.615284259844429
158.241344182145923
160.421216078424067
159.114249840165684
160.631099809909585
157.966051594597786
161.505980427438516
156.816561706864121
159.019217267005274
160.426353418065702
159.887088872713178
159.544686210512793
158.984920009301845
159.095092465925518
159.212676458834636
158.907789400261436
160.555594076968163
158.473725692753305
158.118555771310952
160.234956302390231
159.332137608374211
159.679942708654067
156.435310209679756
154.707833972335720
155.959144051136434
159.113287089524135
158.572261140413502
160.002787000649221
156.975599754932233
159.720082986460369
158.939319074824141
159.619878787953098
157.125476739828031
153.538919266226628
156.489842581564062
159.613106203713897
157.544416847867353
158.109567978904636
158.182052217671128
157.649291807724921
158.501206746731640
159.514735738667156
159.617231056198676
158.961833605019052
157.118082191237960
156.165219977778179
157.091834535763098
158.314486244695672
157.256137326297107
158.403236285768969
156.403816156219023
157.993166752267882
157.117104576026009
155.904341098001822
157.892577331058675
158.511820350655910
155.731236924250766
155.946690597277666
156.088076334937654
156.368016169685831
156.882655919515315
158.000213141770928
156.050993705565304
157.225695374874476
156.358203760743379
153.480083308574649
159.083396774954480
155.275199148731957
156.141948069620440
156.402475124458505
155.435788016207226
156.416511888759345
157.144978684542053
156.009208872504587
155.028282594934183
156.978284414360587
158.175731738468386
155.460639959638542
155.531052529664521
156.402482751883923
156.515536244300677
154.481174385644266
149.845161266319337
157.320381450101223
156.388439072916896
156.041452122901461
156.208158370384126
156.007517677080415
155.347223526687714
157.352391355310374
149.200687784320138
153.304017417270302
155.425561840522931
155.444729750039699
155.574637942600816
157.433815058838263
155.828448798340389
155.593723415918305
154.272096003622067
155.852030361634576
155.686608268367024
156.658589413283636
155.690274641787340
157.451166155794510
156.985320384223400
154.154989034628585
156.477556541674005
156.887723354219617
152.261920876517081
152.897010966364689
156.415037917703273
155.493134365499571
157.631014680435783
154.666892382397151
153.469317890379415
154.961567941395202
151.182083808859232
155.143833126476778
155.524798394663492
155.302887584582777
154.476405955231257
152.391104362415774
154.488123368611582
150.934654616944385
153.595443839196463
154.241401914747883
152.778260990917943
149.949831311306639
153.293991132110762
154.544622303140102
154.261931654716761
155.978938681623021
156.231119915064824
154.799907838367631
155.206125398786924
155.339025041550315
153.050097173190352
151.260713877471829
149.981163418434221
152.488216712661767
148.949051872737869
152.448341512647062
158.314417093853905
155.690649592187498
151.242040657534318
154.838686958690431
153.851262055685424
153.896243483204330
153.747656270358362
156.452061708608767
155.074147525380141
154.338277282344222
153.542057191389119
156.073515887159374
154.043150178450077
155.968854642475435
153.961774894862771
152.985881064921074
154.560236422966625
155.628183901599925
155.490619887347123
154.925078636050415
149.010843560942817
155.571385384972416
152.668873834091443
151.427284153791078
151.499858866274593
154.305713151647439
154.196955569601784
156.089531669713722
148.410933052872281
151.113558678375426
152.192799754207499
153.743006507072209
156.176015338655787
152.980755499665918
151.876168899180641
153.845733068155795
151.568667187969254
155.072934564372389
155.724451389481885
153.334734254308785
151.204065146136656
149.463943086531089
151.569027265550574
150.321009878913230
150.529248159546768
152.929607370796163
156.563147091215001
150.599204712472158
150.869159020249668
153.033536682888894
153.965286700226102
155.081763608415457
154.168436073416643
153.912792113048965
149.544223407612265
151.558587235901172
154.027381501831172
155.097625213855309
154.348471537798531
149.747190865371692
152.364177226248586
157.089815943112939
153.978453087278126
152.862503798593224
151.369815409651608
153.110101280333197
149.116445355681208
155.709898102447482
154.369415568884989
153.115202146978277
152.596905785778034
155.791761590205510
154.486788035585334
150.870635744494848
152.977157873472180
156.356624853938513
153.711411906396279
143.352372002914251
150.324123193341336
149.344710784187043
149.666739840571012
149.004532632016776
154.334516000016663
154.886051291155553
158.271371093164703
154.265952982184558
153.498156775011523
151.948566426396724
152.177982291507419
151.568451597157377
154.055474515372566
149.085757983584045
151.833713540084517
153.875487211225618
152.531393944895399
152.540970783654785
153.357721569247360
153.346174447481189
154.093271588086253
154.136679002420692
156.759747645008275
141.935230208200608
152.051329689085634
149.309109931464803
149.491702905595758
151.974247116167447
157.469220308839908
154.868543506008848
152.608844812684595
150.224887191474210
154.129725371007055
148.478819611019247
153.151115699396200
146.956058727994559
154.117927367981110
151.039301424645714
151.167320223553816
148.449737762198282
153.034352977664867
149.023280479916139
154.245481314543213
148.281165731166368
147.475050790582884
149.629416494411089
151.676843164538070
151.562406617086879
149.455181401959067
154.614602383803742
153.486736998846652
152.177599552158824
150.108534818544513
153.024872702095536
155.638928244694057
146.161605293451970
154.948510750020944
153.335383969178338
150.551188620938262
153.965840889968376
156.139067809786582
153.395044434056018
155.019702338038257
154.722476117062257
152.026344879073861
154.262165816939898
151.435717162477431
154.712060480221027
153.407752697740534
150.160923800258502
155.604639872302272
153.515228645937498
