159.258961408357379
157.211278172670376
158.604706540193234
160.069676997429980
157.987499729575262
159.047600644472197
159.892536228237702
158.243691361662059
158.789790942129827
161.100922252216947
158.378752047805108
158.615469606584952
159.331708445319975
157.927268331496833
158.133984609432645
156.524348195574674
158.407123998141657
157.495396938619365
157.670896617303470
159.569713713537197
161.070913219831880
158.882456511199393
159.400387830742687
159.057306918102256
158.421730608774283
157.234762029832751
157.510884961580871
159.378468945778138
159.003457589715907
160.099657151020892
159.262180505177895
158.447584895901031
157.951197863917713
157.215715844671308
157.950450435587328
159.437478623979672
158.472615898518939
159.261430089914739
159.307119606806481
158.378509571719007
157.610685649111247
158.853780137703410
160.646862166107127
157.094723736319338
156.047122554585229
157.961700324728326
158.335062091064628
156.998297514515627
157.388464715605238
159.544935778262470
159.704388620764519
160.326562093241989
158.997722948005645
160.369412895124384
158.840812150419481
158.725494995079998
159.519313125379369
157.705791541890903
159.153476124807327
160.144724043712500
159.307486977424873
159.956893521093036
158.292709262203118
159.911465066418259
159.192315586746048
160.729006938288080
158.520422806504172
157.749576916246326
159.694523023282443
158.960780824203511
160.590761123535373
158.796494958870483
158.931914501324002
156.643910360321854
159.710331304558537
158.214440651104098
160.580806428675828
159.803400277122478
158.597189266728861
159.018516917841140
158.978215017600320
156.608428628806877
159.611169454513345
159.198632806110226
158.093180772068507
157.850031640213075
159.927123067980972
158.818841042329353
160.454142571847171
158.484753089209761
159.400137305876541
159.226359493777750
158.752071010934486
159.089878163564777
159.077610503838855
159.576924181342633
157.490053133825228
157.783809564284667
158.724620546897313
159.232996188466160
159.500474966770810
159.720273092633221
158.698770084909341
157.911873505328174
160.204435790296060
160.612736304500316
159.554414358002077
156.377084982252654
159.336305137500545
159.298249405142883
158.508053505564021
159.448055044619224
159.432382438990516
161.118643252249342
158.482108159763897
158.235938366482117
159.727224231669794
160.240406033069348
161.011618188485215
158.577798165481283
161.596396364146131
159.710505628814616
160.707095789049163
158.846117213574274
159.970403240302687
161.253751935178684
159.648344775410777
161.230159664787266
161.683969300646908
159.307909384346885
159.595978133313622
158.386478431030270
159.374289396152534
160.346704407543001
159.463434519427381
161.602316834057490
161.296381182940706
159.996275530698711
161.631852041282940
158.149879237848921
159.487415760634093
158.937250142385238
160.536547341275508
158.984714924735556
158.241514240293355
160.790287978039999
160.326399455190540
160.657758998501805
160.333351704498170
161.051868119082570
158.637038494711618
159.920441581267426
160.791842435704211
158.780871764964900
159.750672820304658
159.910128249325311
161.569905362013799
158.273376117487260
161.291891523061338
160.027691807839886
160.631321013218894
158.250215225817101
161.532616822147872
160.458483635746518
160.369308559716103
161.067136527458558
161.268156556537235
161.650195559941920
161.186957252872645
160.935597959386484
162.098582749948406
161.131097221109769
160.470098292027899
159.058303607682006
161.388650843628028
160.560799576129625
161.076692851803102
160.862790885792748
161.183583574046025
160.640663852639847
160.157663130737831
161.530531983056903
160.765081304731211
162.108073557147122
158.961841560282096
161.679227516139889
161.817043570537436
160.577279615939403
162.293406813347417
160.244338452033588
161.893824478972192
159.760984795148374
161.521232392841910
162.574220874281252
159.790569492465153
160.993625331027232
161.323589205127632
161.916935485474880
162.323685541156834
162.010455966243086
161.403219727450306
160.898978848248362
160.957191989527814
160.453549750419569
160.489382162448095
161.471033218108317
160.426433860670301
161.231861361630934
161.951205950187074
161.906774042220178
162.051225624530304
161.259627647123239
161.037550575072430
162.395984197117343
162.193510812692097
162.991319655870427
161.786228230524074
162.094334884538569
162.303006372661372
161.845046583423510
161.441817112219013
162.870477141400613
162.526799549243492
163.068738461289115
162.446869157644898
162.816494927849362
162.626282918271158
162.579015647383443
162.884163791348129
162.747089849961384
162.382809372917677
161.791474826797128
163.699934671004144
162.588446682355595
162.451851054798283
162.427563377971694
162.651786382699271
162.979508136903860
162.179760130558208
163.602988706915937
162.637905083534775
163.587803914976632
162.368979656727817
163.171430552171557
163.385205740296442
162.739702839204909
163.251610104540475
162.946848505563224
163.145950692362078
163.323697097962736
161.744740643219018
163.176208640356265
162.934997277952903
163.366279703825967
163.854801543012400
164.409918320073103
163.796578493331992
163.759799237862808
163.409351396577733
164.144672710932070
164.715400601614704
163.837536798066253
164.834043212068735
164.656464486215867
164.357085574732224
164.269703860850569
163.825721119920303
164.292569770652506
164.629205224458929
165.116382423126709
163.176193297723813
163.853367289353912
164.654018714965673
165.177396853029023
164.638063392120159
164.479813541978444
164.736124058881387
164.485095764325251
164.930210249009662
165.078157171150053
165.030316697695071
163.926028044750467
166.065166729402421
164.931044677119303
164.818328541728334
164.876615731741936
165.878071075097040
165.001929180125387
165.415224174745617
165.706022249176925
166.112071817454449
166.256854447848923
165.581170464035523
166.174451664971684
165.594593090664716
166.188348584908141
165.930619056605963
165.830737294607360
168.099740918155902
165.981329469619766
166.251134999915053
166.915049521759073
166.609527674810863
166.428115760123632
166.495559776745608
165.869551271805733
167.572695967576095
166.843689240948237
167.375259970460519
166.782914188990048
166.980347991258810
167.397717315260223
167.138591342539229
168.252810325272321
167.526447426661377
167.167375038727613
167.804199476633329
168.152411359839903
168.159042274025580
168.128473531087025
168.232146774030610
167.530592637007999
168.139190580827290
168.228275767302506
168.653228439189178
168.648523109925293
169.172055951830998
168.515627757861381
169.303188519551384
168.955448907987773
168.996299407694266
169.319905404627804
170.011880277925570
169.709096857096966
169.767208135616670
168.790415132088810
170.405995649161014
169.676473071625225
169.832369399144454
170.037847422909721
170.255113640842495
170.792404558199877
170.284285768543214
170.479668386723290
170.540027247487245
171.078087476567504
170.694452820895606
171.271499104412868
171.111831962257327
171.272607568386803
171.886483258130966
171.150887309539399
171.977237375808699
172.377563929924065
172.770709587956276
172.147716210558457
172.298555156500896
172.280165230355976
174.087634166211842
170.923357716779833
172.525680272569417
172.864967397239980
172.943863726263714
173.674365678062770
173.752731955859247
173.688876045685134
174.106062409342172
174.466500302332832
174.270235989391296
174.825258468985453
174.881173565178358
174.932755333848348
175.647411149757062
175.570822676027944
175.626983560293411
176.006684780311417
176.388488929190856
176.742996684287021
177.068344990465192
177.404663069559263
177.595607826260903
177.980298236895351
178.147812962552450
178.338060397725968
178.795821702492731
179.137093371070023
179.373083553608069
179.896520815120539
180.260681051087914
180.742645390479851
181.222534954541914
181.729993866526769
182.096401800104900
182.501130909296990
183.179537758899897
183.784160084134044
184.399088456058280
185.122378224206614
185.841034937859348
186.542900568493337
187.431039976750867
188.484629972754533
189.560721494084447
190.922802581241768
192.359574131421823
194.214247631479168
196.527109103121660
199.696032321448797
204.726533858772939
217.984410718534463
209.669564389021787
202.126600290566529
198.150376349045388
195.447053714326387
193.370468864057273
191.640706247114110
190.269138653355725
189.145995763519153
187.982928414428727
187.047067988241963
186.241908314644576
185.533918355210119
184.791301951426334
184.201991430398124
183.462165748271985
182.789174403227747
182.404400621036984
181.928158678923467
181.322883194120664
181.078487564287855
180.395865685255643
180.222848695236706
179.769567890957148
179.425600704241390
178.931398049899002
178.556145839144023
178.279763144565663
178.360478317944171
177.655978222654085
177.342463566562344
177.360984663371823
176.847210715321211
176.596298494601001
176.573485583545619
175.697343120705796
175.624839667248352
175.440651311574385
175.234481799451430
175.309097942358534
174.606834061043401
174.878553736085905
174.387876890032345
174.511626619706561
174.003042315034520
174.000676208777946
173.809793994370352
173.613817943526385
173.405486917033500
173.279210447124285
173.123189862882754
172.656801210496525
172.549716343834803
172.740102900387996
172.163251888663666
172.209208356052329
172.140389897768102
171.726255159498010
171.843504630784054
171.931627162194388
171.075767501844467
170.915044619629271
171.050726936644395
170.994058986697894
170.906885989342641
170.554781108247028
170.322370244288550
170.400811951639326
170.517962046025161
170.331737845450135
169.987635624053752
170.094259035654858
169.681295061204167
169.953314922614595
170.353896317673957
169.276497124494142
169.791618326850340
168.985526182888435
169.357928139790175
168.547532095064383
168.635746545313310
169.677585636011230
168.403148326290165
168.909535267956073
169.100713395498701
168.269634659327949
168.679727520077847
167.976030024680711
168.255921678558053
168.364006276727935
167.623099046654204
168.631905194264817
167.248850840269824
167.619288537624584
167.451588117458869
167.565835024360126
167.754453003092976
166.932106525273383
166.919048955761156
166.636105052110082
166.237648971984839
167.089256427562077
167.247596319352340
167.640863777523663
167.193107692223322
166.799271648185822
166.628693564286863
165.797759100392767
166.545761749455465
166.006546236572490
166.066683277668545
166.545600497383958
165.729174627990716
165.375799565277390
165.544385911212260
165.494850603722199
166.426352000925732
165.114653959256259
165.591428924321320
165.888775337169221
165.367280924641307
165.697152907634006
165.424323702141578
165.761927920067251
166.172180091398275
165.610774575735746
164.497976142105216
164.455132498446943
165.032209580963695
163.596120936940167
164.968896981322757
164.903996002555260
164.825051573490668
164.605401145022910
164.071251342785445
164.924011760233640
164.265599346936710
165.251102454605814
165.483358710753663
164.832709864495655
164.904241610945547
164.274813830102403
164.175218671719620
164.924148934057399
164.871736974848176
165.428376959429272
164.054883903429015
163.874930047065533
164.219514720485847
164.281189801847006
163.536236438683886
164.553393049550010
163.173697332545515
163.690589283222010
163.072275148931567
164.566715124222071
162.905054330899361
162.318247377636226
162.149389506722912
162.770188810108152
163.740008541590186
162.193965519091734
162.629951377786313
163.168618254457300
162.471072104201482
164.051440479425850
163.631552296460683
163.235227000944150
162.090970117884865
162.466263579731304
162.715010377106040
162.785898466067863
162.952332185123197
164.143229406073033
162.623543512215633
163.007245922944463
161.287376866370636
163.613084220482989
163.803196849096366
162.070128112846675
162.820978712578210
162.404118057340099
162.395016790268897
163.331158403967152
162.066070913434572
161.305524059907412
162.481492386231253
160.258964401444359
162.554416663777886
162.505584767063453
161.620478596268299
164.393211444545216
162.495258141816208
163.649568674388718
161.618429280982866
163.486399458378344
161.171038700932002
162.029678917463457
160.987845940392134
161.688653171140743
161.764418427596127
161.506613159361478
162.548095375199807
163.453867287661240
161.913346651727210
160.825220035204495
160.498092243190456
162.819206884843595
162.490445291172023
161.229841754862434
161.924841267760598
161.138749051834537
160.372493614749061
160.417695443021330
161.535012868297315
161.901748512757877
160.992876453742156
160.856999322199528
160.650399707607960
161.999009493560521
162.837866877224229
161.496526633937322
160.434532131514459
161.365928415206071
158.591513159307397
161.528954533079599
159.831264052323576
161.350725183685171
159.965944573348196
159.631994351984503
161.394812777239906
160.252019251952305
160.826271098460950
160.762337054457532
161.618287004930579
161.029099294918041
160.208798640621410
159.391688796339338
160.598312427100041
158.606908979135653
161.806622709237672
160.339610647497011
162.750056355186985
161.465811461625577
162.528619392750443
161.587330531674468
161.162895388159228
160.225661445220737
161.331471205833196
159.633773134009601
160.418540116960514
160.360691201278485
158.927543057487469
161.178684473427467
160.011422383257440
160.410221770763485
161.780937582766740
161.475889659033811
159.761904882413461
161.241182594911152
157.851662552598441
160.187138095587869
159.931978199411134
161.222368508035714
160.034685060977495
161.483752638371953
159.736110345431570
161.121424523178860
160.094044065751177
161.050314139769881
161.314408443578486
160.436819170370228
160.629741931832058
158.428766977807697
158.296928538053436
158.145044899179169
160.588976819128931
159.038468954595373
160.786723531315147
160.302228997996679
159.424729976084109
159.939151114867315
158.230030452581275
159.919230511349554
158.877025888323885
161.806064473419212
161.269970613798534
159.596531979239472
160.224493172745611
160.127605985340381
159.650487623630340
160.627044288512735
160.038406840224326
159.851659870873789
160.559086531150456
160.203976071812633
158.465505264809082
160.428355733662443
158.666944399334739
158.730882314352414
160.110797610337272
159.550326574623227
158.894069982853836
158.801153620931501
159.913141800656973
158.820597060899246
157.746408286707606
161.246634114649282
159.555931784836872
159.655635458951394
160.335140748578624
159.122003281780650
161.420611695178820
157.067404210280330
160.589320467279322
159.720138916165240
161.448094409197466
159.309846429692612
158.644027823618416
159.130098254083919
159.480651551696894
160.686182818321299
159.196276805743310
160.647055534589384
157.723027847844207
159.585474454939799
159.328799171233243
159.867955435942434
159.605842785266873
159.252613355907073
160.984522776640830
158.638092550184467
158.255402382198355
159.086940365065516
160.205979392189050
157.409053360004521
159.377030769932333
158.833183447664652
159.167021482126245
158.659736638320226
158.004308408759954
159.770326052487775
154.117354625204712
160.827467265572409
159.308838457969983
160.874338834791843
157.616672199033985
159.308406413891220
157.764755813794125
160.240847437275136
159.171245857422178
159.122941496294430
157.532589283544155
159.506566832998885
159.977777114790939
159.281151640083067
160.715806781055278
158.664885091173346
158.394347667022430
159.774884608105737
158.952248136985133
157.258749277651674
158.299075633445256
157.503057142363616
157.531314523029835
161.256792264786071
159.635723183952450
159.993641180198836
156.986829945507111
158.610583514432051
157.733850563406321
159.482538354356478
159.739054303122543
158.853711305789176
159.240345823309553
157.392477920767675
160.116628772961320
158.071199738408893
158.612379201441030
159.179787100116073
159.450952759936627
159.640084200390959
159.250897799709236
158.712434174802127
158.170084942062374
159.144283015400958
159.791648645049804
157.691726939432442
159.550026682894270
160.698919046058819
157.025417606371718
