157.386901946637352
157.337130781280592
155.472836718773834
156.627226695038246
158.593221144409767
157.473972963204943
158.435936580792514
158.181504260063264
155.755299349816426
158.162087427483300
157.801767029386326
158.167179360327282
159.785651654095602
157.395480654200128
156.479608465945347
158.320450867121963
158.173503165863536
158.011462488134953
156.754349763645052
158.796442005926110
157.330543238281308
156.997987906782413
157.027727789921357
156.775743598036314
158.805076136539839
157.287725768698635
159.349927332419412
158.203289337196992
157.684943426395762
158.707993323642313
154.038648980694290
158.672063910993273
157.392036504909925
156.996747790905289
158.584824681916842
158.956884517890671
156.001810913730083
155.804219645708827
158.405658747279119
157.718726148049541
154.725178159541031
155.146862890661481
156.738884368922527
158.862089381609280
155.889976062608440
159.989250151141704
157.617845888086549
156.359433975556016
156.898167532749369
156.859315600516908
155.953751521652862
157.902218271562901
157.165313796503540
156.697714659895382
156.326621964182124
156.459385292736215
155.154128367546463
157.789098760583215
157.133653847287036
158.559258088638671
158.627787046928916
154.760629440223624
156.946769527647405
158.796227200199752
156.824384347579155
158.596440873190147
158.068578802644254
159.452576814363397
156.881328772952912
159.092923895668633
157.647234605511471
156.804255237931187
158.702199208829001
157.739994059760818
157.492189165414857
159.625566471242962
159.253561274769339
158.175604129918923
157.539939236295226
158.422982686506913
156.246631348167739
159.286480281198010
157.872388361641185
159.837651413213450
158.468959684478932
158.472342286627224
157.755878822908898
157.183746892428758
157.160229963015070
157.799831781228448
158.978563223094483
157.111735920204325
156.166527898243032
158.257126555873640
157.943075449375357
157.831576012455173
156.705299114176881
159.402581809679532
158.267789304085028
160.066323548606874
157.502655955156740
158.734127670197466
155.734874463452854
157.057427445612575
158.763537923076910
156.283925391094812
159.995868349998091
159.906632863420327
159.148574575457644
159.488114013099192
157.902400562687177
160.164054751290450
158.149789502120086
157.711153723177404
158.515560637890303
158.062134620326816
160.058403955612789
158.746994070805528
158.769327494851268
158.005709153230100
159.935195836381382
154.834597852281775
158.231577753578307
159.523575512203081
158.992767498484767
157.856109937302591
159.133885794443586
160.512966288379744
157.732979176318850
157.782632466513832
160.674621182657859
158.894514683830835
159.756380049052126
159.311598411225987
158.289418862473838
158.570711346159158
160.510306616898163
159.845171182753546
155.435118325888567
160.568069572482841
161.700336309411114
158.254243415949674
159.484789816685435
159.542283378459587
159.278585192241991
158.297869866453283
158.366995550102274
161.154109253538849
159.772159549940852
159.674295855321134
159.666039484650241
159.438237091829819
159.262976140994112
159.500440908056504
159.208373400945845
159.748861029337263
160.433662558234630
158.474703964049894
156.810079665931596
160.339235157295548
159.179239889734703
160.194005149125900
159.374980663293229
158.511562308844958
159.235526364742014
159.712687081486649
159.297581758152887
158.489535387647948
158.959313592822042
159.209544177599753
158.489721570147708
160.034519596066048
158.797726916717352
160.197283040017226
161.131006049041787
157.693738701050137
159.384156018032826
161.142346858692292
159.777283139195390
159.051886165766206
159.852924607475131
159.603746223511024
159.982254142782125
161.124877933877173
160.091074823030283
159.828559339600872
161.151222620601573
160.570721571351783
160.188044814551318
160.944211539345048
159.547859591277074
160.499261813928570
159.579574227228250
159.122241339776508
161.061767499660618
161.792711338873858
160.291267604595646
161.369540586958351
160.373604705869809
161.260140932267831
160.721749447981637
161.710813472859115
159.200730943195026
160.122269274025825
158.045389966515927
159.821024330425729
157.251031499655170
161.267868653284268
160.523316002101069
161.634457964576086
161.167866485568283
159.262518257274508
160.393139846202700
158.267625585360236
161.551322001897631
161.948581565731445
160.079434894519864
160.545018281882733
161.519901473857459
161.344186440281362
161.216411158658218
163.220879549970164
160.042587353257915
161.649670365895560
162.034073975327686
161.650477743745626
161.532275728647193
159.698036608822065
160.047175516471356
163.093438578028127
162.502427574757007
161.340354644021744
162.035075696321968
162.128745261258246
161.853617999578319
161.802874714201693
159.291482340358129
160.862325152892026
161.374276290789112
161.443018797383075
162.897872078084845
162.077254822860112
161.301796031423208
161.395328867986080
162.030471877552884
162.966971360019357
162.640266701206883
161.052174372847475
162.935642522252778
161.189063491239040
163.944728763387616
162.515481212880701
162.292341580770881
161.333096251435393
161.507687794029636
161.027847208309225
162.889321715757603
163.567439291620076
161.960663117259060
163.688122659111286
163.315429237976417
163.038039634520857
160.933630065117086
162.068880209490487
163.112011082218373
163.194364092676636
163.220178681838803
164.386427378508188
163.490727699126353
163.688428666987278
162.446857359269018
163.680650440749702
161.611673235834530
163.604016674256371
163.262691043297224
164.223498419386942
163.992954326391924
162.761059406753020
164.389330473497637
163.096159256446924
165.188896159270229
164.186186732461834
162.432544701413235
163.577640727929690
163.536639127457903
163.024657495538008
164.044702216468863
164.562213379495830
164.343518099675180
163.468692969297138
164.376390895093095
164.025028163672403
164.988103850843515
165.092037608487999
165.425346990873834
165.248551467612089
164.633377122862186
165.065520496880424
165.371198338759655
165.577955658080469
165.794257062460673
165.596120036173659
164.775613350379786
165.931423824461433
166.180807455119236
165.213870748913820
166.298375421120795
166.128732411703169
165.590422813417717
166.649583351589030
165.263254506392173
165.602459290459194
165.307206153895095
165.636170724405787
165.904851844683947
166.972620206624583
165.989253299586323
166.641843937732631
167.080563723701545
166.971071096424737
166.613878665462892
167.421010100376890
167.523935634978585
167.247011813436501
167.461019035324739
167.413602289435744
167.490021562767339
167.458769818672522
167.413553397148718
167.979037307788133
168.014622918055466
166.792534680850565
167.631740962715384
167.944295689169280
168.058834483540068
168.977395037346724
168.210461687161455
168.105106306706745
168.568981365578736
168.375864132887102
168.696559410059251
168.760168524373114
168.900070590935059
169.449303510271704
169.367880919925398
169.597935366985723
170.046540946189452
169.815254907139064
170.062421101103496
170.500146917822462
170.282029621790372
169.932270741566469
170.321894109861262
171.112024057177081
171.085799645387738
171.129394752964913
171.056354160532408
171.924611239454947
172.458943960485868
171.317240446885705
171.774272759327516
172.105065756578142
171.973266251609658
172.343679239526921
172.354048842449799
172.869161677527217
172.671656170368635
172.777118603090258
173.074710188662891
173.123131305223296
173.647936252758967
173.934758395666279
174.136705122166575
174.764766570498750
174.556503039907369
174.790615207962446
175.098681831717272
175.713683625954502
175.608203265037133
176.035821067822297
176.071937774051719
176.738494258380399
176.869574960995664
177.124722477734679
177.636608855924692
177.829307995341395
178.335925238407015
178.471569005468069
178.801694645088958
179.238549130973837
179.818056211612884
180.287204745074348
180.755659485188318
181.155165336707682
181.862134746507479
182.276819058239369
182.984389605411991
183.598591218179052
184.329720193142691
185.114358495265321
186.030737314829793
186.868115220313911
187.906938220814652
189.086232094845997
190.463140051246967
192.189613309336096
194.183283359991094
196.897779833233955
200.776503772656980
208.035386876046999
218.316191753116044
203.890233954220093
198.718447696130966
195.539368610423651
193.196158937259071
191.306836936195594
189.840380496239902
188.564668629462943
187.414097255170702
186.456162546507926
185.545630318700461
184.659466700459234
183.903032995462496
183.292505120573082
182.663902284539148
181.906373660580954
181.544675250015018
180.922442572619616
180.373750532202735
180.105777181593169
179.592302546095198
179.133839202870263
178.734138375768310
178.363501144419246
178.024672015096854
177.674242989863501
177.295305224893809
176.968653849288302
176.637015754375227
176.741442079758485
175.994197349817455
175.562048222286137
175.730679544440534
175.438935680011127
174.971401196272296
174.603597501266904
174.696774512456471
174.155893460221193
173.989179871001909
173.323776203133917
173.392200334423620
173.739910696947106
173.442702805480195
173.200842400572810
172.569020274741945
172.232860952386659
172.538830896995734
172.657337642344885
171.706125309946799
171.545457801048116
171.240828295289703
171.564236935753286
171.300410222047361
171.441036492875639
171.404963213581567
171.396155623337506
171.311562054127677
170.706670193369007
170.204091402036738
170.577835898095827
170.548676803270382
170.242642072235867
169.587891514651261
169.379415775757110
169.945929171176772
169.583277650993438
169.332361548375019
169.846882790540832
169.550859634866242
169.009647256439280
168.577876638047371
169.184244604903711
168.264578443802890
168.709915981016678
168.374252803083493
167.573382341097641
167.711557410860223
168.139748647543570
168.770175737516837
168.530724827040757
167.785372318452886
167.898794399230582
167.825232346105793
167.458414746678045
167.313074887138782
166.749489088899480
166.651199493456545
166.458566445705259
166.936268245429062
166.920631317093154
166.155115097380644
166.811191824956097
166.310099923488053
166.520099839612186
167.392379800866451
167.019356463061797
166.383302356801693
166.592067721293006
165.477911947510279
165.649240651642288
165.899590265900827
164.577226253784943
166.990553830148144
166.188827126897309
165.735571271984128
165.493964654510080
165.823210262350642
165.147991459025434
164.324503974453989
165.502756633760896
165.653512927296902
165.982408279137843
165.120878800224716
165.373833772460671
164.956825421225290
164.012382321449763
164.055919069881185
165.294735394390784
164.133745064837797
164.165954072908590
164.941121020225950
162.984131649017513
164.476089664431868
164.173986095305793
163.534661239634488
164.049839097932022
163.837972090362570
163.931041848205837
163.571868456710320
163.702414073432038
164.218758950682258
163.169989438951120
163.056340780957186
163.502835958536792
164.221480014245714
164.791355056305804
163.108978543003218
163.433967385321409
163.024119216448497
163.878874708298497
163.498420567468372
163.512627796792572
163.038613711731529
163.513693258293699
162.618866573361117
161.743981785662470
163.376864228281079
162.281878770115327
162.171346271799990
162.769145924294179
163.725690015865041
162.913228162610466
162.864258936607200
161.793336319785965
163.487418514320979
162.487300205158192
161.876658856623976
162.745201150211926
163.174099021823594
163.255619909344432
162.587066210877822
161.110838329767290
162.272015883261503
161.965218880151383
162.827278620319333
159.905671095432155
162.237151843116010
161.787718720854087
161.578561682423185
162.595411658949416
161.399886261816334
162.220218625321536
160.672214194165178
161.946700290472506
160.378181598668590
162.982626979416381
161.588087643274093
162.210584730786280
160.362928516864599
161.773627261869564
162.675711176674128
162.237294150124853
160.994774953464344
161.327352573114865
160.315823054662246
161.617204787666594
161.434750096881288
158.940529910605449
159.692716394889175
161.065443361480760
161.280355180265531
161.106677532547792
161.101983972531315
160.281079133333321
160.059560221264064
161.070110187260013
161.483043661761513
158.279949071896112
161.170184632064348
160.219403152547130
162.198788897432223
159.904777102280576
161.559693149049764
162.089316146971242
159.993422220154400
160.054403987699317
159.921192525360510
161.112789178839932
159.830042704674185
159.877223070129929
160.168420946987169
160.676058077619501
156.934364473845903
160.980173397164037
159.916411084633211
158.693033876380809
160.099345871211426
160.820093131356487
160.494629105573779
159.203599140230097
160.542158347319742
160.500976392041537
157.580069060476802
160.787627673269611
159.822485954892358
159.524605466834601
160.052551907173893
160.090769397557779
160.206852727185691
158.461605466379524
159.260381398536111
160.047384105099326
160.122735555720226
159.074825787844844
161.389618738608817
160.097557967574858
158.886568158774764
158.985741791318134
159.905377206742088
160.642499196282927
159.433539396690975
160.558753450677358
156.739302155569135
159.596367243916006
161.029858582496530
158.719293005108170
160.613098022594841
158.158156102191100
157.434567421679759
160.031880739787340
159.294468172908637
159.645261709463313
159.097972222650156
157.778412900499575
159.307169824588584
158.116802296021660
160.657241575963724
159.116210173369950
157.477639679213638
159.150808558333893
160.263984155825455
158.304259210373658
159.527426803290012
157.284109650933686
158.825285658520130
158.764712041715768
159.152751487927105
159.341185022141502
159.404991232183619
157.708759887696800
158.051692543152569
160.701100218494190
158.184810284164939
156.959831003627556
158.700213207139484
157.002563987852028
157.202829975944525
157.728881485100658
158.799464305181772
158.179394589923447
158.111268383011321
157.845880173597720
158.102094477974077
156.800023590826328
157.878352183150895
158.019861824359253
158.937969051717005
159.081162824245951
157.409460781019192
159.975061918229898
160.379046356493717
157.566429470988282
160.034502565342223
159.775422832104141
158.562105366496382
158.146301732909535
158.024134320297975
158.035154189662848
158.062175221751374
160.114402660641929
158.468224838890620
156.025144407578551
158.017009240723496
160.039131317456111
159.526679391332891
153.464898946791152
158.120460593224692
158.728070197404833
158.315157953510777
158.797206635858458
159.237044079358128
158.663113154973075
160.855751870658423
160.550695628649720
157.920661105387154
156.648606575345269
157.679089924341497
159.969430434186506
158.696086421888850
156.599985017579939
157.032887287911223
159.364478178207150
158.168156068116559
157.688334134419136
158.354449355867814
156.785977909176211
155.361903650962233
158.162432962987907
157.585850901415483
157.099519543183618
157.164070247194388
157.506430123974809
159.201944255156860
159.088041329866087
155.859882205334372
158.171361382278548
159.608657751535105
157.477654576838802
160.753419462459163
158.838166213514938
156.878291529022988
158.014987006269905
159.519507450611627
158.489662884551763
159.306576157306267
159.405705469450368
158.395783264461301
159.479514737045236
158.699543158375690
158.868390128144426
156.549548957974991
157.800294542278380
158.896244315276817
156.216141899295081
158.888007901242645
158.156456483736491
156.335075950756334
160.865674142753818
157.587455072188590
157.185842554805987
158.044716349047462
157.436649044603996
158.227134047640561
156.637812636370001
155.874593352940735
157.953288051428018
158.715281760884750
157.401695549128590
155.653346694327240
158.694349263892065
158.961962697251835
157.046582309184600
158.446165171024177
157.883674020928879
158.672721522530395
155.983937129906536
154.283291718844453
156.125880450454389
156.812355164655514
156.033063911320255
153.261756097366799
158.685442850274171
158.813546316916415
157.448040092694981
159.244926001967599
159.152331797295659
157.215470453532618
156.355902798854999
156.851520094157593
156.200175978413171
