160.869178599372589
158.529698576110320
156.786057639496079
154.744145077008710
157.187922666647154
159.268077092301752
157.013754013963478
157.285338406771302
159.450072253642475
159.194687668403276
157.503154857383493
158.032248061395023
157.760171440950899
159.196285832762982
158.249151556195585
157.241101214955592
157.470369029574300
157.614625760049762
156.239826948253949
157.740255211049430
156.693772940774949
158.714575726000703
157.717776249311640
157.503465681670718
159.011936065179725
157.849526900120111
159.877397653350386
157.776080229334411
159.568136973073933
158.130048138242387
160.310016183160826
157.760999493132033
159.925401928507654
158.051437523183694
156.727754046905119
157.094866582578277
159.120291926272046
157.477970003593555
158.721406529858285
157.495289990958753
158.949074809042344
158.433730066272801
157.414359569833323
156.094888428767774
156.988161331080477
159.413875592964530
156.596615536759657
159.608864912840744
159.558150935142294
158.557484031685163
159.510648943962167
159.625158820255450
159.459801361680519
157.252363726701446
158.161584434412873
159.584360743067293
153.518697278028924
157.466179673539273
156.041741056343568
158.961358347712348
159.165534740035014
158.788145741562573
159.654558121621591
158.002577702467676
159.286703309282672
159.845209847402487
158.807608221399505
160.572874578569980
158.114712992613022
159.645811109641102
157.567680406092677
158.986738426824417
155.847666803206465
158.704229375531469
158.456693403014185
158.872530613896743
159.654455835301150
156.818784153583579
158.213100291511410
158.716154226047138
159.126374776454355
159.351996382523197
157.722063814425951
157.989129616736818
159.614066087536003
159.168776939523468
158.276108364453052
159.501020184451392
160.037807844473832
158.759316191854481
160.002173265517371
157.504635097281323
159.103171170375475
158.308094224203330
156.843889649452024
159.828755254297761
159.062092947880927
158.442094023780328
159.441393046395177
157.806604104187556
157.730388869261844
160.161131243502524
156.605098221589230
157.835230213451865
160.513692372912402
159.041628311816623
161.120108236900734
159.977193092448658
158.456219729187438
158.769511417976929
158.771391054667276
160.054222524488665
158.607187344615028
159.609820076040222
158.835628233634878
160.228910561866769
157.287159454319493
159.761519820072323
159.085913370352387
159.927488182300152
158.159899318074338
159.181085239317753
159.698557735405274
160.845157363914439
159.681614984565726
159.624824240981582
159.557973753887865
157.863554207805123
159.629734156536614
159.691410062826151
159.794040790970797
159.780666821706092
157.012564688285494
158.780899275743195
158.542397031089081
158.810433734367962
158.530372206553579
158.145312949618017
157.684396425301117
159.830565599294175
158.717785322046637
160.048234974638262
159.026978036127787
161.032019706801776
162.293700201888697
160.070797082210106
160.232225978729673
159.365287911019607
157.720046921984846
157.670919667988045
159.081061772544217
160.618623259382559
158.505900775301257
158.230087398318688
160.536074790969366
160.474871055681263
158.923813305143199
159.659826674830157
160.634881173112660
160.826385889881607
158.030858619808527
160.065819042733949
159.975072601209092
160.122731437689964
159.260823253084453
161.772736667301132
159.814190636811787
160.537228978406716
160.845042624494312
159.135629048594495
161.829401087617981
158.378667362108303
161.960833445080794
159.289968901958844
159.937669662977783
159.841245011133651
161.153239505889445
157.623147975039757
157.962260012290528
160.902672428296540
161.366145060617839
159.473445541323883
160.569058413313087
161.088306695926093
160.658835615345993
161.125141606772218
161.302738659353537
159.013608403258900
159.556628408682514
160.661870608352672
161.560100887855413
159.276557310939836
160.541842557185930
161.008876955502870
160.739141408154978
161.919435616472612
161.089126885070925
158.994408118865607
160.753842225976342
159.320268648160550
159.570028249470965
159.465492178621901
159.961083096780612
159.428712583977358
159.503397117521899
160.008745249968996
162.709256272960317
161.490179314125868
160.275713401451043
161.224079775796412
160.856704062497471
160.577030566129110
161.835852496026746
160.756195436326266
161.464254965932952
161.993394858640215
160.731811629452409
161.455911323285335
161.992621454214714
163.029737561565042
161.058856777566604
161.651252379306243
162.532137857404678
161.440958861641491
161.927132329755580
162.333455241065735
161.696556126099182
161.670107234904918
163.217406767003638
162.309787854532942
162.952222323759344
163.351782092447024
161.418015080687894
162.665962439194800
163.033379416185596
161.868920118644979
163.025367885490510
163.638496306050911
162.127022200444344
163.314871279628676
161.516791421067751
163.052097430112212
162.283800905772296
162.949224043366854
162.404710696530685
161.543976200838813
162.338169814411799
162.101941353170446
162.081854925063595
163.277333237836302
162.426150081157374
162.022294466591006
162.167100190188904
164.091930292386110
162.839627123954813
162.285656622798513
163.184076935398281
163.160868038538410
163.617308891589289
163.793835657750463
163.560273224156276
163.166941683756306
163.170772918460301
161.749055279829406
163.319059186803827
164.588139217975282
164.203344463215473
162.668183115669336
164.125203974813758
162.572924786736024
163.153092207525532
163.830931166803964
164.158468491477151
163.929392502787323
164.331797945395948
164.779176860312020
164.602559868907150
164.233369825662692
164.876222772841629
163.682681204750651
165.278691334217001
164.390860668559867
164.417399971337147
164.588242849332602
164.162850191545743
165.267559213846425
163.705935871188075
164.441907145094575
164.788383217164068
164.616396184397303
163.912751407626104
166.118765680523978
164.853211732014984
165.234097637498792
164.597617896351949
166.127190245345389
165.655101827588169
165.244050027228923
164.758145552881672
165.529707170552996
164.813306494347614
165.861498275423060
166.555636930019631
165.274147280702380
166.195533575755263
165.941924034153146
165.895091549327304
166.143955536004682
167.162373627862678
166.709796875422029
166.155565555526294
166.324336044919562
166.212870242172244
166.681957068498178
167.130525256906424
166.586787728316921
168.017154704549256
167.343768847103149
167.694977618253290
167.677938102692536
166.993846142408870
167.255551096799053
167.304916609033683
167.410757088064486
167.239352527730773
168.334110873766690
167.766559281624694
167.847160008270038
168.185937808406379
168.245945087905795
168.484498521510631
168.312478848895495
168.026590989726344
168.593263147057570
168.353833550119759
168.118285056818905
169.291932843854454
169.176411431257804
168.935732031155254
168.982919250485395
168.833844352645428
169.269078236484376
170.158245653357540
169.517400754747939
169.677637819773963
169.774991598989828
170.268875872306808
170.292264007667455
170.980696568950520
170.666494462446678
170.710345985737035
170.650775228643141
170.576728705603045
170.899773101074430
170.316056554421067
171.103425873641243
170.883347992669542
171.320380148401938
170.161946885357111
174.917939530263567
172.816338793820591
172.871606889563566
172.570935287651395
173.037274482350966
173.230453840619987
173.276664439228256
173.559871701870691
173.814291037052897
174.321156935832022
173.973857621156725
174.281838690740614
174.395992652890357
174.928181890892574
174.768187560668224
175.071995633877691
175.708928352704618
175.434111199531401
176.065112493539317
176.174862910170646
176.549210698133862
176.686196261161086
176.825842597465879
177.013882501571942
177.729921063311764
177.900212470926306
178.359778521449812
178.508354207575650
178.841816703849787
179.172057431203314
179.796466703171092
180.298334225804069
180.657672538972122
180.988463440473652
181.506130828715555
182.184000878298718
182.595067431991225
183.261837326189010
183.895354151742026
184.447634702041455
185.325069125731687
186.132629761071087
186.919996200849283
187.987998280880191
189.056690923834935
190.368427033360547
191.848380235886850
193.676793749349486
196.024032434435497
199.208988668471136
204.301414434867723
218.170944649558635
208.806179086955950
201.426744824241979
197.484779908976691
194.777216117530685
192.759849705416798
191.092381679609247
189.658874753708886
188.422801144177157
187.408434003216058
186.507168599021782
185.752106827726152
184.813000219572530
184.144903397762931
183.367806269989586
182.846741835565638
182.328621778618299
181.603509257027866
181.312670391847490
180.784107750100560
180.511973949337687
179.805705692415131
179.630657659948554
178.945403436932764
178.662300024740887
178.248377648147454
177.858434955568754
177.871400662420172
177.613450294386837
177.252618400609947
176.761534909447619
176.458367096961524
176.554523579723224
176.208585717829294
175.762638306869690
175.287917583029468
175.081930285151628
174.959989797863898
174.897502126747469
174.916506694787273
173.908184992908389
174.052452356702759
174.080655031376494
173.843975636203396
173.455255609193443
173.279715385045108
173.102577049659203
172.711425785193114
172.449220408636023
172.568796554154204
172.635140827798921
171.732763982595259
171.857231966650630
172.070575987909848
171.541338296523520
171.458348059828609
171.934063470191489
171.322253007857938
170.765187886005492
170.544281523571442
170.451837146319008
170.654967022348558
170.481023928291478
170.079187202612957
170.388603208153711
170.145152450756484
170.009741513779545
169.950462149725212
170.055998209157877
169.435792536398509
169.225949632816111
169.508755195713860
169.464845364101365
169.216254158440762
168.763864320039261
169.625507966588032
168.038801720645836
168.422962740316962
168.181246451415007
167.948711407086790
169.213787941614612
167.858696425489171
168.398096421217190
168.503838616055646
167.937986313452598
168.244063050249395
167.505566161543697
167.086635003699058
168.154979027984268
167.019772409869290
167.782030255897297
167.416507263702698
167.312443905474254
166.914847683422749
166.627572176605298
166.908882399893770
167.249065206263907
167.222163270640749
166.795307728810826
166.581274219828714
165.939853891502196
167.649694807194919
165.660159862685134
165.827866561936332
166.972612345871994
165.326354014344531
166.804440626893154
165.893560069266670
166.424431891106337
165.836645111167400
165.393377873505898
165.643060396695290
165.678626676063800
165.826390127918614
166.527667379574837
164.416446911576372
164.808286037529967
164.682201063876363
164.301692051035047
166.372287463046263
165.668578124655539
165.247736151995866
164.566877087045924
164.666538225790617
165.103279825811398
164.030339037419537
165.643346041575512
165.386714083090681
164.124489210824606
164.433872091528485
164.204934106678053
164.730663998185776
163.528246333438801
163.838296279934127
163.313875980730472
163.172408429774435
164.460619530544108
163.548162588762523
164.851968797605764
163.793739685124308
164.570451380771829
164.381511872157034
164.319636316235886
164.454889168221456
163.579039889988337
162.451315784579577
163.341603877977491
163.023650293004152
162.116554385177153
163.810461681566750
162.577223873664849
163.784338154063533
163.572224826826556
163.817393375391703
162.586402109691761
163.848245046442571
163.527062322153142
162.278756998619997
163.574592370474591
162.143435468354198
161.868837645695606
161.926975739170331
163.102178690104012
163.035129108972285
162.222115076834541
163.001929349536255
162.104137187377262
162.540608275401098
160.805809302271001
162.809807891959508
161.721446545102708
161.950173762090401
161.418288261295345
161.850735389734837
163.331538956048831
162.395564919697932
162.136656978573001
161.852793333747741
163.093478782887189
162.563564202536810
163.376268238240755
160.882944605633384
161.691904162343349
160.582401215043092
161.069394747626575
162.926733544183662
161.459268207128446
162.241169744887657
161.489519988997046
162.287873943741232
161.455575976982914
161.609297131111617
160.185888857209591
162.298249034680396
161.935705510270509
161.168302065642848
160.199962040584154
161.132954102860310
163.364916416990098
161.890166002612716
161.157572172841753
159.599840713470059
161.148479595573008
159.819136155898349
161.462173405647945
161.438945617203132
160.274112440676220
158.634843612707925
160.571315476479725
160.744858411038422
160.953739056135959
161.101966538759996
160.676615155579839
160.423562520388316
161.442450683208023
160.674829715249984
160.276482415622127
160.458982173136519
162.114545780616794
161.220190648317100
162.116446302606391
160.485456799710278
161.452568951774225
158.887765443555537
161.003683029703808
157.536977210624229
160.816741823796832
158.308352364890425
158.883805204002840
158.895984878476838
158.307042946723527
159.040441131333324
158.637308935842213
161.487120001948654
160.077115398955783
158.110126803344485
161.136182223659489
160.913750205993495
158.176469585344023
161.326781240959320
159.012555822342989
160.860979095729704
158.459920141369622
160.493180086263749
159.055974854031376
160.507884452131890
159.754694471471566
161.858976723706320
160.808744835058178
159.384529581119722
158.981351126522071
157.839629990273266
159.806273661975126
159.810656466248162
159.135908696954743
158.790873615941564
158.935063819927933
157.095152400592696
159.904139300054794
158.542210985886271
160.194364826281912
159.407832766867841
158.069686394858962
159.349078005279637
160.004066245294354
159.633921644115617
159.296332078209844
158.897982386832751
161.908770735038672
160.699815029829409
157.759928320094275
158.927412920444198
161.672719990851704
157.681315590074320
159.134097952120783
158.792609250548310
157.779404679926586
160.908990382330842
157.765901891680301
158.718341379501908
157.780221783449178
160.192816099601913
157.087199480551703
157.570070439377957
159.099436417118966
157.244254616028826
160.505874826546346
159.325364475738326
159.305000321520055
157.862941215428464
158.098853526662879
158.623010882484465
161.582629573572120
157.625606889360455
159.194935428836288
157.797282849119910
160.160230746954397
158.466716811701019
160.524825143060667
157.979822842860727
159.950086641192541
159.404083098441504
158.951988009076757
158.308518759148569
159.007073277928214
157.286601325014431
158.677583434508477
158.693775668879880
157.054807283177212
159.397471023318303
159.078097890126202
156.552620170213174
156.307532545068341
156.058752988913454
158.736570938565336
160.064276412050930
158.284496008711869
157.071894747040915
157.471942458990696
160.077095213338282
158.884175414010230
157.967158910822178
158.473918306846087
156.947089304982171
156.586830968301001
160.409691532944009
159.682550722377357
159.907916746148942
158.414633306010700
158.924024733216299
157.298723861795821
157.488279248434850
161.184546288263618
158.892005830778288
157.663200696186607
159.486294283231643
157.566539962391545
156.657466499538288
158.912222536791660
157.719023005992142
160.240149961672614
158.436217998171685
158.200764421071540
159.815382392139867
157.833700124113960
157.084769098254185
158.257495976235901
158.412422517457344
157.590427511073273
157.257857978102294
159.041998010218293
158.240535875815027
157.834500554900387
156.865947893223165
157.422373030051375
157.297070889934787
160.180355982635035
157.450805262843346
156.869265214031287
158.003885590887649
158.393100411481697
157.517403290135121
157.912330502372839
159.689543472255707
157.187513666544760
156.518574617809833
157.554095086798867
156.421300140275974
156.679742444536402
158.609983461540850
158.239736817417850
158.168541866011793
157.889319343827964
158.627744011533480
158.730078913653273
154.204904474640927
158.265993570418175
159.239435310022628
159.204690306348454
158.609462556625488
158.262541234412538
159.649049302564407
158.190150432916255
156.691091565636782
159.148536235897154
158.642473248429525
160.135206324020174
158.509069130937462
158.446842339950223
157.329145447503635
