159.195844805422780
160.466597541002017
156.276732621283259
158.842227766678604
158.877614446301322
159.750511213688469
156.930822153198449
156.740199268937261
158.024055251421544
158.972763125235247
159.952117861094194
159.403356916880767
158.172037188999639
157.685458679715708
158.927426222244009
160.717695750464060
155.615385691365816
156.953848856356728
156.544335925582317
159.006507737012498
159.184463292988085
157.423046687284113
158.254635480794633
157.322834398300586
155.063662885543096
157.970813095467634
154.279035139750192
158.957931162366549
152.225986784747676
158.005524555886950
158.304973238538707
157.663619249057206
158.794160187241829
158.229639618366235
159.050587881716723
158.844604004528293
158.148570591758073
157.258597479868456
158.289510583049690
158.239167979741097
157.957167765899612
157.806446634963635
158.653964046859699
157.900182781440918
158.350172170640661
160.115734518646889
159.379830184456438
156.597015670969370
159.986027541598361
158.205166510450709
158.416710650995896
158.527878698810156
160.095713452047903
159.430282187455418
156.926238778544274
159.082542002349328
157.030804644181671
159.778615667139974
158.034882412585489
158.743561675600290
158.304375368490014
159.364271703687507
158.623885977295231
158.154727257487878
158.560622823741198
158.668129029862854
158.834262959750276
157.315431939230450
159.943037605638409
158.929605906053041
159.000037636123352
157.898771957521831
158.569226695340546
157.866397387575745
157.893861871120521
158.578003787040359
157.591355691883336
158.062074338757952
156.964949517660273
156.356765361801479
159.656108054443877
160.297852102903676
157.851937405766819
160.237550652399364
157.721682534362799
159.242695875084195
158.594186894142354
159.187479064713642
160.249486787600574
159.452490821197074
159.965604371524364
157.545268085814712
158.190012116375783
158.558318974413510
159.229381574569715
159.780615187392556
157.836263095274887
158.118120997196058
158.860586829977677
158.139212687173369
159.987811255807316
158.885649048005632
159.127139477969706
159.346925345201100
158.995424599857785
159.415586908097765
158.841027387456563
160.184926602916619
158.431321168856385
158.982152080899482
158.855921250432431
159.523104844611680
157.843119546899999
157.620009719046806
160.448239289800881
160.275473360123300
159.104671788967124
158.279609996154988
159.321991712301980
159.159482068710616
159.378114645937103
159.346698378870173
160.298075346922133
159.407886071564207
159.895042742074224
159.441595972999835
157.869318651103129
157.707331928366557
159.309020531310381
159.237515216013179
156.755996437803958
159.958883058812432
157.374943959102268
159.188392091077844
161.144277848595294
158.127553081408081
159.886564719534249
159.108596191799677
160.069112086633822
160.701890514870655
159.818123426899831
161.347736572950168
159.753903868152861
160.574817348142318
159.751527056507598
159.127767321168363
157.703829095113576
160.271264786595452
161.475993784594777
159.667746735986640
159.284920914642441
159.125355011421533
159.927568308623307
160.005689127464848
159.076049526378625
160.389079666330218
159.929128574816076
159.587914644811690
159.322583396785291
160.078585940585640
160.011286327520878
159.925876862440788
160.328416249440664
160.868718376415814
160.483918174177120
159.455142251452259
161.218751405014586
160.197287141964608
161.735554667364624
160.025420066856981
158.988763602069952
161.202642405108861
159.757292302748169
160.569796083938911
159.428652470219646
160.002983561923458
160.129128360643705
160.164522909854384
159.690636892003795
159.373420363977317
161.201788409310439
160.215199788828500
157.822464728454463
161.599175596243498
160.413277867405498
159.181493155694113
160.802680571063632
160.144009851325364
160.187365229289213
160.838824508911614
160.120060236675897
160.273936666348561
159.994877543542373
161.030510167807449
160.088235112048409
162.062190416636696
160.557093284444477
162.581905655655163
159.402147243668111
160.643516646867965
159.993706507933069
161.595002390587723
161.863574831368510
160.389072250356037
160.258751552669594
160.624628426066209
161.540525359752621
159.409942527670950
161.332879588659068
160.709416195145394
160.518149261768258
161.605683638644109
162.481214135386608
162.082941444089158
160.914277701663508
160.422432047325401
160.048318046441238
159.089096247246687
162.664199063111710
163.275067135919045
160.886481938274699
161.648811814913216
161.584142020212767
162.429501723069620
163.045559746896487
163.026021634785849
160.654697081844006
160.916820824112961
162.320185190466134
161.693539025845467
163.708006541828610
162.384637571271099
162.432518869853624
162.614754431898973
161.317354248749638
162.397892076218739
162.637405287037438
162.333584806548714
162.323090677829754
161.901561422758391
161.983901835848314
162.328121898112215
163.420086407550173
163.379513479790830
161.668170300727212
163.590175466719217
162.991937613595553
161.915349058057103
161.525535656725225
163.232874122258181
162.137116897250422
161.681592600626345
164.093174849817615
161.718698195415584
163.489542984058801
163.261950892913177
163.136288532139474
162.075890966438124
163.231600340298769
163.371923492484825
164.003127272061420
163.673156505669056
162.680667860658019
163.422688930895049
163.803049517818579
162.265921116711667
163.316414315013787
163.542958173016416
163.004562413300619
163.075651819470551
164.720539251419154
163.925280989335647
164.144633084483416
164.499781843113510
163.829254333188146
164.188549369013401
163.953067367980651
164.256527339569516
163.997189439527119
165.597056515481881
165.221356390247820
164.343430779265589
164.638799821739639
163.465742451086413
164.123510869256137
163.851356563627746
163.897004410289043
164.780773782729995
165.282123186563354
165.132965049682099
165.633086500374560
164.458617119637864
164.940670634008711
165.427431759077450
164.999250530667268
165.414686585635252
165.414793430309373
165.162702408897218
165.303921474813620
164.893240641165022
166.191528976021743
166.041686839768033
166.013904532022963
166.026247588903288
165.561596564882592
166.072548134931850
166.827873822814183
166.011433561720480
166.255180566797378
166.157024263025733
166.172254967411504
166.756088420309368
166.577256656414221
167.204697026924350
166.592510164851092
166.574693593209929
166.450083773423501
166.576209068881127
167.794746786972382
166.803452063332031
167.782698191810454
167.707811763398212
167.752986978224925
167.236663885659198
166.951138458456995
168.093978123830681
168.089563664808566
167.175758443174857
167.654057387536568
167.915159804354062
167.895368112893834
167.870410909275705
168.502354082833818
168.308504429521378
168.128788491906732
168.599061960038313
169.316595930191653
169.091898203387927
168.885610349817568
168.884743583399739
169.674162133175486
169.452853790572760
170.184822354305851
169.746428308847953
169.655244711419613
169.883283719421854
170.085529661085815
169.971375454225893
170.471613454737366
170.644028613962860
171.230415409777919
170.984449916553842
170.865674103255031
170.752743366704181
170.773425698197059
171.152815257077407
171.523519852504251
170.922560867832118
168.812115615533116
175.505065577933181
173.372613385150146
173.108564684808414
172.794980853680471
173.446795478281899
173.107041488152674
173.343225461334271
173.557538543733642
173.913577291768831
174.213607651969994
174.567904893694958
174.346015195361247
174.233875871315547
174.812052941795400
174.960057287606389
175.162377419060931
175.325627844033988
175.489026763227685
175.924114381439523
176.039699695135539
176.505826986585390
176.809334013314185
176.983093749806528
177.289777247402867
177.739876034643345
178.252221567384254
178.368422191784816
178.537580212537762
178.940756487664004
179.470565567793273
179.645868930344022
180.129806814021038
180.508280964209263
181.081202213321831
181.413710746770448
181.854482853319183
182.551629675973174
182.842834993645852
183.691878523343377
184.248658281310270
185.103200867145716
185.868987863282200
186.557309607757560
187.526551895112050
188.607407798746493
189.813441354229724
191.226859441562169
192.873856673843761
194.897320776847209
197.605934947266888
201.563983881216302
208.960442014828743
218.143406562289073
204.374242499422621
199.298193327122107
196.099110369923153
193.793462137977258
191.948144040009112
190.430643496209171
189.129886812614103
188.069919470866608
187.086727859815426
186.122575362972213
185.362981565029258
184.646017392161042
183.931317914116306
183.316367461733620
182.745032880934389
182.113783984463510
181.652927563273465
181.062705079138709
180.658494278678347
180.092983310332045
179.805835191658957
179.313572579281868
178.900658666543848
178.801455529296049
178.409269444742108
177.878886644375996
177.917709272142645
177.289468273416844
176.966188244048340
176.698610421670196
176.506529159131048
176.541295881066333
175.987521810771000
175.876777223950256
175.600359877745120
175.272496130894012
174.666937080624621
174.880134880550372
174.356250971456888
174.351855337527610
174.194717286824584
173.497586974837304
173.960838700695007
173.123908091428405
172.785768629401247
173.070187190380295
172.995558222030581
173.029855235818218
172.493729672739732
171.847719843057519
172.166847828101140
171.732527538298257
171.993501392611108
171.659994473532095
171.766707630450952
171.413715065446013
171.437816669069292
171.175062757575859
171.146587647042338
170.955592021793137
171.118917671679469
170.639549747977981
170.471397509741934
170.467194972122485
169.648157405016548
170.253329442320535
170.589446696775610
169.744539732435783
169.957983007780200
169.327514781715507
169.279126913078187
169.306280969812462
169.122544377434622
168.792380455907391
169.216292034806173
168.718778806712038
168.937488552134823
168.402100539283254
168.640814877285891
168.678574927009379
168.421988518710151
167.643891678091620
168.491314290105436
167.911410043869466
167.140880539289753
168.126269030751644
167.859940133095648
167.218048729367410
167.539009460687367
167.841703537990270
168.085653604752821
167.274294014655254
166.678555651934857
167.048474666989506
166.479637971543184
166.887906529606340
166.401750832888581
166.488234785586855
166.007045433495080
166.602540716196728
167.073322784808482
166.152403102205284
166.205228716076022
165.580126912584973
166.943941996105139
166.224525008529127
164.998573433929550
166.215165488153843
166.195912518855806
166.193750981767437
166.050806760513041
165.164198249613776
165.147799890389109
165.485415610384678
165.811736764429014
165.050571740421361
164.316015007960971
165.460208765583161
166.206521040457119
165.633797051801849
164.170769848137866
166.074716871231715
165.492504195479512
164.824923965947278
164.465245347763442
164.429955766703955
164.119669532889191
165.152193871697790
164.781860275805087
164.105844147334238
163.778543582990267
165.181434707628370
165.215583315763155
163.578241790619359
163.758383387320123
163.650439152603553
163.493410201601307
165.171951194285271
163.398508523703526
163.520523786566287
164.602149691993077
164.612096484807637
163.730603350669213
164.616094903982571
164.106461925782867
163.094605190674088
163.586820987169290
163.401296276381316
163.118729679413491
162.398217376182458
163.197940003239580
163.865128869159776
162.853522015585668
162.226903258529205
164.492212429943947
163.908476839758293
164.185907201403609
162.404415916690994
161.560985977263215
163.635855939868293
163.557943603992442
162.887315384770375
163.578674500010408
162.616078756444324
164.870319139251052
163.248162888933166
161.626032319022045
162.240744830543832
163.492929954136685
162.044432139359571
161.100852810726622
164.746946723124125
162.939962140569293
162.554799239914900
163.577040051541616
162.933358304681207
162.068359777664625
162.214511874043581
161.762431875640431
161.068757216062863
162.231820026980103
162.002073071378589
162.296936755220145
162.515491102905429
161.504734554817333
161.516624148056849
160.913656701574155
162.084942666061863
161.515183259892979
160.519334412784502
163.050940655854646
161.186639885507248
162.165653558802177
161.586991728227872
162.035517237238423
161.976869648543385
161.230382096185906
161.205740554222245
160.397609365661822
161.554082644243010
162.573846918007263
161.032392638858539
159.492548627429187
159.325575867823488
160.056325276164586
159.559342773375079
160.434248934396663
162.049337677751311
161.583999169263166
159.972994571959759
161.243836331121628
160.771745828571795
161.110136427000157
161.314467219314508
162.070815393894065
158.974224217025267
158.742563541369890
159.409732727541694
160.260068850198365
162.525594044496160
160.551477849499634
158.970723604317413
160.505316167612193
160.831826566363389
160.010568448442172
159.910296569994784
159.719141427932698
159.579917136513870
161.566214962677435
160.102553829530109
158.372859530161605
162.230675658757946
160.358364939994487
160.632403175225875
160.351233214831666
160.756841208356917
161.866468223663588
161.867705943376308
160.649434535126687
160.719330067562083
160.703520144725132
159.760316219739678
160.655015948575340
161.515639424239282
159.790858015259801
159.197552898411317
157.861186711893566
158.932970636799297
160.925371659596863
159.749760841294545
161.011247853316320
159.345100643941919
160.296665038802303
158.629455616134322
159.967693411725918
159.996657165016217
159.793592895593804
159.584131565693838
161.888211605174803
159.691084856615618
159.939087262521042
157.647987769196874
160.096012565793870
159.968240479220583
159.020259144645848
156.743763760134101
160.369807611549788
157.175130595200073
157.727472316582976
158.951972446217212
158.713879873765137
158.810585298755484
157.771534384646145
160.635758638673565
158.011247940699633
159.549646522297195
160.638425317506290
159.997750167467132
157.944705865319605
158.853902824961096
158.654858068819721
160.205820443286228
160.249545997660874
157.935513846488050
158.501127979654314
159.056754842880025
159.288689287095451
158.052325421926355
159.356768804956914
160.734666870386178
160.944043299971185
158.066240388833933
157.101694024473687
159.437184580549768
160.799522831087842
157.961953655938146
160.244343523968894
158.104124024753048
158.411236411201656
159.854345054049787
157.368305779581476
160.173682392706979
158.404763618112185
158.093406905005679
159.327875043533368
160.717394873287816
159.700106860149361
156.563802000369634
159.146492302458171
158.212996049293423
158.294926985353612
155.426854064587843
158.802054801116668
157.222164064049281
159.676814795579901
158.434249116609635
158.975404643453402
159.430447069276738
158.674722076389685
158.794075389999250
160.185089216473841
157.001302842943062
155.670660420742763
157.926567753164278
158.403199592428081
157.887293851636883
160.061169362719482
158.760938932620689
159.989817577677456
158.423657409517432
159.118078745094095
159.391884034522661
158.650259503968641
157.663383383463866
157.855532014689516
157.996182026694100
159.253816010183613
156.915015798395757
158.715160077429175
159.574000781864299
159.948007150642866
158.333056692240518
161.264013560928504
159.722885515377669
158.447755812671318
159.195966140589263
159.139539167957878
160.099345331572607
155.763511010909525
159.703570815643957
159.978498723195685
160.660384536723541
159.681457932504856
157.599018222948871
160.318145147401253
156.988115671993739
157.947234683362524
158.637785483853293
158.776032643220503
157.843920313216756
159.174796206527020
156.606928467400451
158.930791911120536
156.893160951843271
155.235540999964456
159.550680464090561
158.580055696955043
158.842514262805480
158.054959657472153
159.518942869657820
159.653881752229950
157.906650007065991
156.476104116301570
158.229541870097336
158.544565429932021
157.122537053180650
160.259166471833538
158.808453831461549
160.536205913689372
157.631274907328304
158.989767316214795
160.294784855943817
157.049325707749404
157.742317253034571
157.926407144648294
156.780420645084064
156.900362805000896
158.852414260298957
