150.954128680810584
151.412423699473607
153.176280116320783
147.009234350281986
151.913668883965556
153.048994203658367
151.855208419041134
151.675932948915204
152.094010399550740
150.513612798625559
138.520569864734682
151.581479398695677
152.421272401900552
151.483949103179611
150.588946654694325
148.618162085368283
153.077460845596534
147.204660438541993
149.154222343992274
153.539639882252573
146.953101009872626
152.658556801215497
149.274553634619906
153.966574442915828
145.731414579916560
148.048498353861220
147.476224607969414
154.765957540616881
151.434356227948086
143.439877377658405
151.388624520789023
146.701322796234393
149.539553802934762
151.461159785704467
148.583810299984236
149.261782680466183
151.312410961659054
150.886331073271350
149.597105843118925
153.115999083902750
147.878936544383890
149.023367346357531
147.971888050212129
147.626194943632584
155.146967145670203
149.944199038688282
149.862484158433205
148.839970991329864
152.916350148078152
153.192461242303779
150.516574804435834
150.133103941280041
150.727221398255836
150.542889519085804
149.819171118216047
152.268604723605222
148.986237928505460
148.917336710441077
147.673884741649545
153.146110291730793
149.185480886738532
152.295379136484172
152.662600864981840
152.297418088803994
148.187715591863679
148.748968243892648
152.805283085526298
150.617316130929623
139.027685296088066
149.584509243367791
153.270457801017812
148.792220395975363
153.030913382401792
152.265996694953856
149.604139971360752
149.227706343742540
147.880794145897255
152.238671470842974
150.790968420903766
144.906289539721428
150.982767387536143
149.618698497949481
149.805021275103854
154.457262769289855
147.456457676395303
152.481522331407547
152.739598406290611
148.576035688496347
154.146484601815786
148.021052549455135
145.650597177391518
151.155974413880529
145.169242093913596
154.301796897297436
153.012520071276185
152.554503881105290
150.039185045259529
143.796736641088813
149.642085276127517
145.958317107044479
150.169730443968888
148.729515894509262
151.069581291213467
155.646216343662928
147.661202665311492
152.003313043820015
148.877634222783655
150.459746229831040
141.372121038417873
148.095722662005471
152.657414169655254
148.592102927950663
150.545667602300796
142.552909204360645
148.454602681372023
154.151810101876720
150.329049660501283
148.061331464717455
145.619968191440734
153.838620907246792
149.587614934678925
146.678965382955596
151.269120472557262
146.235814708886892
154.496846801765798
151.339517707120649
153.159846413515311
151.252913771129954
152.135051559663367
146.336465363145805
146.618993374054895
146.229828072075378
146.217546485859174
148.521280030159005
152.477437032159230
150.079007744525342
154.500880947147124
148.814446858677513
151.165873144264850
150.988856424216806
154.170338607107141
153.043579572800013
153.888191780825849
154.705715001007832
149.453448264351863
148.205686578710271
148.778067536908111
149.336060219147413
149.232538361556550
150.154269742341143
150.857201485059903
149.514837671709500
150.559568477165612
147.844072152428879
149.843472723094692
150.982987915737624
154.172308338305044
151.143237617589591
153.510748982074887
147.982073110479718
150.947805277017295
148.472462669067113
149.231970293569589
151.684954011698665
149.553579963807778
151.895891702137959
154.388393397616682
150.879301044307226
153.066209131793755
152.206240694565963
154.065761059419742
151.662491595367356
154.938123013075113
150.324154867579551
153.729346534147425
153.313581153118321
151.369878609898336
143.491242330236389
152.256044925213814
154.091780007786355
153.383855172088772
152.093026327712465
152.942967069033671
150.234171331111440
149.980560545217173
150.245333771229582
151.904462095738722
144.337926198264142
153.368522993675981
150.531011507154659
150.324427082034305
153.756540565954538
150.375038639146197
154.531043125325596
153.825251423982053
149.835845860452025
151.807462234798663
149.848555762691660
156.389108700734511
149.432719991236411
152.573882484315277
153.305065882074643
150.874531850319926
148.309649937067746
152.727165521653177
147.363846770470929
152.445823596008211
155.494599702752396
155.285252603142794
151.145582369284654
152.109843778612174
152.734609923961898
152.663926944337447
151.108933249010391
152.907229112399790
149.984450877131962
151.398442813765314
154.137812559261533
154.672610444609120
152.156835322724191
152.495018627879745
156.605807296209150
154.605750314350360
154.904767340272912
154.990176792337991
152.564048208693748
149.917503350528563
154.069144698869934
151.543656730055346
148.143628790317734
152.071816893074129
149.474332630427739
152.828793477361700
156.052137502522584
155.567473293569975
151.798426859132036
152.401745793990813
153.392658381706610
156.139827757304829
154.732862358016746
151.569123476093864
153.504857685236857
154.542717215980730
153.315947958652885
153.377795876635730
155.144542248133547
152.316993056550245
153.384305201752824
156.141701708377099
149.394002458346137
152.889794715561237
151.748140689088416
153.933640810484292
150.977929620018386
154.299290210485253
154.459936266325599
153.900002917123942
153.248281581207550
155.759522296695394
154.355596833391644
155.233664900797407
156.169384458467022
156.955255401740970
155.539649905231272
155.537304422484254
154.877195472205074
153.089410713603854
155.036479611290986
156.227931722688965
153.832709948890340
155.366225389181011
153.307885905442959
152.203039798674155
153.745007619340072
154.879770415720628
156.939328816281858
154.410359785134375
158.676383203753829
153.869013519471054
154.045481605279065
155.243161971608970
155.303698414595260
157.266666546883243
153.810076426422484
154.104647108719888
156.467712643445026
157.109352965918760
155.411116085990471
155.600310339014470
154.248811051340226
155.933825478400905
157.742541660210634
156.001171565450875
158.081707403646220
156.493291727224999
155.972843386080029
151.382318801116071
152.145042277737417
155.988719199675046
154.957511520685273
157.911637528596827
157.224971439080207
158.024954701276727
157.552208477266589
155.684077708176886
157.158639705009591
157.671194027504981
157.016910484493536
157.293462199691760
155.341947092351944
155.628906811215785
157.195211707251389
155.799041590112097
157.211492981688224
159.980793404257440
159.012131209200845
154.995363586076621
157.634016866193349
157.333277201241799
157.343701286219328
154.999470943637192
158.657400730363605
156.667684837873679
156.863661048986927
155.946914563170679
157.788013488293444
158.091230826974083
159.114137483489600
158.460789928652758
158.999263107526843
157.340476894931157
158.231416514737589
160.234492906741252
159.423095032091396
160.006070426111251
159.268136130236570
159.334148342377773
159.372615604543739
159.805937169820140
158.818142341912164
158.436484948393542
160.090671499463156
159.429677885395478
161.288641259204127
158.476541785865038
160.995380745349593
160.692264839442174
160.281208858403716
159.506902192669259
160.903374725254196
160.166925958568555
160.892188032689461
160.066627979634603
161.771587793769243
162.086413247252182
162.167921995785804
163.355983891306778
161.902591303612667
166.059160648297791
161.259183006786543
159.137480844968564
160.398280901316213
162.295884998450362
161.371007474325665
162.254059632264500
162.498642640467779
162.548974404509693
162.411373167840509
162.667068767906073
163.443939208615035
163.765931790055987
162.877781804046947
163.247613944943566
161.797508431697963
163.850505341473507
164.685660741643972
165.231145275752056
165.389769932263420
164.964507765105679
164.876123524853938
164.976329037670723
165.282246925064328
165.773411237617012
166.127730890535361
165.545587878257976
166.810482533188207
167.069151484465522
166.680394057956931
166.605528505962582
168.366126170434768
168.207171128776622
168.544896234269288
169.370636745085648
169.052713233706982
170.264269317469143
170.177181863945634
171.421652517766972
171.799263189979996
172.869386827151516
173.183827556747531
173.726871577875244
175.998545579857620
177.614910531648576
180.161327595805631
185.118260646484657
200.363324793214332
176.494258877972754
169.482191349912284
176.547963842188153
183.863650124375908
199.552077241629434
191.921313166909783
186.691227167502916
185.658058795078176
187.616909925658064
194.731467300739837
198.701399454035425
187.563826123904363
183.421424962545530
181.354138549376160
180.385556200055134
201.738409006252226
181.883097047566821
183.062035546117897
185.154667031501617
189.079567601058756
199.402684012295992
193.163896067804615
182.165466023448914
171.731220838922411
176.630626189314029
189.062295533048882
200.458828952106103
188.362894344650130
184.630766890548728
183.096229342399539
183.936395270438538
200.848187150736379
184.722390999892923
182.817064856593788
184.145236021599459
187.970944668126123
197.427727412674869
196.702877728780805
187.556445639191054
183.073058918883362
180.475597045824799
178.505865264501722
177.042313079128178
175.899472529163319
174.843983415718924
173.530066581785547
173.377706881847701
172.434913709104137
171.839875639951629
170.823274395508520
170.870092711794229
170.882513706101577
169.756592376905388
168.887310303949846
168.747116902009566
168.823351431926483
168.335851621003911
167.156263678183620
168.054254490058554
167.219582292992641
167.086371586604969
167.159500974267274
166.600564904284994
166.043718178426332
165.839834015368069
165.934309431147028
165.811552737540069
164.372059365192854
165.624845305345957
164.057258485885200
164.898809718132327
165.439188061980815
164.563180614457735
163.958806110762652
164.075199976644541
163.507133055719720
163.649069990429609
162.974584796531587
163.686213253098231
162.899964974596799
163.392512182426231
162.379808791694927
162.004331221547318
163.662520626355217
162.179329015865505
162.428963382080838
162.527681398681977
161.153675754400581
160.159433353870952
160.335453560975765
161.406081175791172
161.375249529902248
159.334204277001788
162.421964643067042
160.292857196695763
161.341900126623727
160.081593807919973
160.044873159646102
159.715994845593229
160.102673543086610
159.392198199317050
159.968796943916800
161.004864838311676
159.759386609180865
159.830317434972102
160.721786611853787
158.039590795678549
159.154255552081622
161.090080611179076
159.796390029552470
158.262613939851860
160.223636933869670
160.502975048806547
158.543622853427252
157.853895238647624
158.882841270736066
157.353946392823019
158.971595683755936
159.025809305912844
156.356029811745742
158.307061588047958
157.088387271496174
157.384719935459145
155.664457487993701
157.384176475021945
158.492239801167784
156.327642552315012
159.131973561231064
157.285097046443639
159.523485357418025
157.924337249441720
156.721796428852429
156.960424970105862
158.408423678304786
157.650798954310829
157.052957550872975
156.430759700325808
156.892309557762928
156.706233599627865
157.060484724527299
157.804387787449826
157.896582398825529
155.304429758763092
157.730060724450880
156.442187660788392
154.862611223616454
158.110655251288279
159.602408967290131
156.049558191316208
154.431651671972986
158.231470031583939
154.198171927644182
157.919381058012192
156.153423749449502
158.409118064802726
156.609152595205614
150.747890610240063
154.283505490674713
152.892499210306596
155.788285040118865
155.533050847872403
155.735570465564706
156.042574145734221
156.443263872396869
152.947453210501038
153.836580884684253
152.847092400009331
155.434892143054185
153.796400808085792
155.785677217463842
156.788034221001226
156.520075771441924
155.994910804624794
155.883510397816622
155.233349178433684
155.895081565885476
152.090101707397253
155.798997506992663
153.673849053450226
156.949837959458165
157.085875308412170
157.617679074088699
153.258064120447216
155.749096024245034
154.794277794466410
149.868098205840283
154.967127538462307
152.974216563566216
150.986963984551721
154.648729831699512
154.489455243140100
154.477140085724670
152.153961108023140
153.543265336069055
155.606625087088844
155.555551591719279
156.225395928073027
154.662707846916845
154.939934815287017
153.022453881388515
152.657215746502487
150.201048721570714
154.145523935634145
154.802609805148563
152.227268247452656
151.485450560567187
154.126599363859270
154.021620810129264
152.753342545026669
153.450870153813867
153.849292325783125
153.319448171857317
155.445896173509482
153.650232634380018
154.660303094425188
152.671225412415453
152.713629821923405
152.897188370978114
152.859537384637548
156.951563374395732
155.926461121724287
151.674830798397579
147.985164842313594
154.667916419703545
155.086294866298402
150.880196853248833
146.027706353681765
154.810449870230229
139.577252974115822
152.558780045680237
155.226268706384275
151.631670503174377
155.269535553300898
154.359952702135331
149.644585384441257
154.585684851521336
150.420177109355052
155.974114227140916
151.311237565851457
155.457137339933297
152.012426040493807
150.061666562032769
149.943185095385900
152.437909652300561
153.512367250234490
154.484460843776418
148.425921082847907
148.255571687683982
155.287447956580166
145.015120611847095
152.131808426339006
152.280426293413512
149.590477055313102
153.309660869929928
149.552764917416681
151.198832954211326
154.360934453147564
155.781016351258131
155.135224720844491
147.579199200448954
143.786186835700448
154.109601039768734
147.078489432895736
148.121320973955875
151.409036114492011
151.346899319352929
151.537857513798087
148.166803920770633
151.973138561066577
152.350863907033698
152.773178137377471
150.079848506843746
148.392737076498264
154.121719696644391
155.757264532888968
152.904258098054015
154.214046503162336
152.601628018256690
149.311773818270865
152.954621889261915
152.152537729506122
154.562504608618212
151.577107161520303
152.481018195759248
147.762490922030764
153.494280562136652
149.575414931011522
147.324593545892014
150.185360519323126
153.149958938274835
149.458164566191726
146.165820095022127
152.600704565918733
148.813036689860894
152.593943551556094
146.757834926044495
148.696744699241236
152.214836720323291
151.830509485434618
148.766036059294322
149.506735905332079
151.675754828196091
154.024445593437974
147.272838922231728
150.600932003262102
149.967778524579927
149.547561877060332
151.049279840429762
151.433721833138151
153.825572354967221
149.815937438286852
154.503983924797751
149.965294397489487
151.725121184459397
151.520759481073100
153.300667758422350
151.246756827481931
144.942486832585075
148.186909544920383
154.622546234719380
150.855705927774068
148.051510977572320
145.952564895504253
150.330814993127177
145.372257014920223
154.273973856833038
146.486455322402719
151.558976257373303
153.004312730019052
150.170108325109823
150.706263120355231
148.705194900599764
151.966566282658903
154.097290576034112
149.336949927331716
146.720787145399413
149.740803339373059
148.270473230250218
150.241789968563751
153.560089170153788
149.216206109257342
151.309057613175128
144.587654654532997
149.548728849179184
148.193883642395122
148.676437232644702
146.620711393252407
147.984015619429329
142.300524928730823
149.964248482372739
154.371590054192069
151.861208769929249
146.442955823671667
148.733355065513535
151.576820903371100
148.489416273900787
151.026698356746692
150.659714143113717
153.287678179411159
145.983735795698692
151.248073982165494
148.308605603368790
151.834998622049312
150.514877314758650
152.450485973473747
150.608304334354216
155.059177703394965
145.113463119926848
150.194039552695358
154.657069390383526
152.639920517555822
149.020665993714402
150.292421718277808
150.317940529202389
153.033548217887784
151.718368018697703
153.534411897882478
149.794939921742952
149.644312339631881
141.493707516003639
147.391428903136045
151.604250432851188
150.321178813137351
150.473434136801387
150.097686497183020
154.326270878970320
150.677187215291440
122.838861693947649
140.036170703711406
150.842202671427742
154.456406313554623
149.742134406138518
149.635922602301889
141.342557343293720
