150.820043309027596
145.789489958890442
143.753006092533326
144.646569976611602
146.916480271040314
148.576383836794605
147.911881470617402
145.807218240803735
143.755360895878425
150.012140279459402
144.296986813809468
146.244537792097219
148.692107614838761
148.875549752082463
150.038898563577931
148.869154764281802
144.592109418289851
152.656783169986056
146.921414577363379
145.727000173151168
149.895365685177381
148.600256092509312
146.298482139575754
136.813641694342948
143.796837752320158
151.250085908412416
147.860411263973560
146.514827552659995
148.139614059533756
145.037521528636034
144.024648557759605
147.590261495525823
145.301081163640987
128.745238143866544
142.756722670374188
134.268290673835736
147.694926181369254
148.694231871104478
150.188378358715426
145.736726826201220
151.406423382180549
141.599373233086482
150.880442591159522
150.124045674638921
145.090013480839701
147.325480735319701
143.924483594036587
150.484051076604658
134.531530547270052
142.070488436810962
148.569120086239820
149.464751379102296
150.773543177931401
150.001502207469883
147.991264598788376
138.820950637044007
149.688253034313504
151.479544874722933
150.952351054937765
138.198338180869428
135.383640521181974
147.581416097965587
144.456904838746652
140.787395594220925
146.024764435811676
146.479708391304911
139.882034333679314
144.118110601595049
144.003691155096362
149.548393399258970
150.244169335221216
150.332279068646045
149.663550535976526
143.899873031546520
141.004505908210234
146.167035007335841
142.490206001040491
153.357147631736837
149.125161301733129
152.268020705314029
148.298468295008973
149.492253802059849
148.831023545034270
140.931226575818641
146.183509645698166
133.816381383771983
132.012930143929140
146.106562351637706
148.164664321781288
144.985446143418216
144.147483444955981
148.470825761053305
148.392535981309209
154.921196867222875
137.836565224819935
138.405251855821120
149.833867727043838
141.596979729052890
151.042332935074938
142.798945854857180
149.374738950052745
146.203338238271897
141.784904731965327
142.792531557663580
147.348907245424073
153.572237920070563
147.514064926980893
145.102246412011311
143.910502388432576
147.990855274181342
149.740063216929087
145.179383052355774
132.487933553128300
147.401691518729166
151.436220612708212
145.954261743948592
143.095536474602227
146.723441806793346
148.045186247959322
150.881111906741779
145.355777172610829
148.805302421392497
146.317357251729675
146.235537590101160
149.661385812869952
145.095408928192995
147.566003397129691
138.722964505505047
138.309212233838196
149.934772328533995
146.870730642786100
150.211397348348726
151.132833452002558
141.524769032633600
152.718592107193302
149.130913901532949
139.755494885434757
145.798147288491180
136.440869898330959
143.114643189782726
145.371935377525801
145.561388888052250
141.377655067838731
153.735227359354013
143.749290102989448
152.115200809923635
143.916314295908052
155.144017997225859
151.158183611168653
142.065885047653239
152.259777191113983
151.355328576287718
152.680819009388500
145.807579544776047
139.236599667811390
143.160834256193397
148.940272957258571
141.660805780404900
148.808531791345501
150.508580092599004
153.208547117002013
151.370853998621783
150.177751510507477
148.266150211964259
149.046884991036336
147.296180099921003
151.733870866093156
145.501190911984054
149.948621512457748
149.795535556270835
151.937288720342082
146.193682874603695
149.496125261708869
151.770346955131231
147.566465664274602
152.822670202527490
150.168104688254061
150.763869525862077
142.762018304571455
144.913765559615825
149.355251898522965
146.553702495554035
149.277475428769264
149.559507484602818
142.923557873835193
149.090768805224116
151.668524506556594
147.195507793342529
148.786070886318612
149.002202996315759
151.281962035516926
153.027309908217092
149.653079276198810
147.324863350193567
148.994681686806246
148.562335656905049
149.979187372813215
151.870305515997501
139.812560461783818
150.130478397943335
147.039921419739812
135.517983381347506
152.185699579686627
147.240134410126984
148.143068307513687
137.915407540639393
149.178161142230408
152.817030791447479
149.827483210661654
148.463527894808067
143.828084355936141
150.990715368774971
149.762249066103323
152.742325230560255
148.276785572949052
149.048357667078335
149.877877270480553
145.535578764452396
150.145701827904986
140.788543646869357
151.607164139233788
149.592995276539540
146.158007851623296
148.910311565642218
145.330919539683521
152.351481885354360
153.621586329753200
148.990615562404884
152.826427313371340
149.403454142093949
151.617282043217472
150.763534341379113
149.232991939884329
151.641702883601738
147.091581544576940
150.755675935224190
145.988796478789425
154.030387387950782
146.870779145125937
147.887723097597984
152.687040687923059
153.650809094998777
152.100624237701311
149.892572788205769
150.392543308245990
155.271940281217439
147.249138342133705
154.741938184397100
143.880157162650420
141.277690648035673
147.808461647170503
153.497060587393548
154.264034791589211
152.514499021313043
148.727498957963235
150.524612904067396
149.331104142577857
150.937190089857694
153.018915973866598
154.959350058577797
152.175806952523317
149.897182582688004
146.238372846203163
148.244229329674454
152.375145666593966
150.442506182470225
154.718468252375146
152.804379393700771
151.233343552934116
152.113433539425188
151.216307132528470
149.958786059901172
152.006884168142108
145.900388136043830
152.017032892397054
151.328602821893725
149.876092978465721
153.210415010600514
153.085883758083014
153.712128671730852
153.406811582978719
156.270738536807727
154.603380403678983
151.912948885790485
156.632382678284586
151.952558226555681
153.241220805669485
154.436108216770378
151.529069447301453
144.112310056394676
149.375527528537987
151.553669805247722
154.660087986673943
151.993752112389842
151.102900223771400
152.956970004086600
150.834003538848435
156.245622070844007
156.748129069850535
149.365977061760020
152.536493423896587
153.380718536689415
151.708265111762699
150.087117137477463
150.607785354528460
153.793390828185295
155.974869348988875
151.299249919140834
154.315426968540123
156.952420666376838
150.480939227714714
153.396431866691557
154.008171606122289
157.924380069563455
156.808683269977905
154.769936623485307
154.797483477660506
155.425496563497461
154.449348429856457
157.152610257795516
154.655041431122982
155.230311322096838
156.457885531272723
155.710572926954455
154.967768711930177
156.437471658126441
156.077774618166217
156.089865400884634
154.219911640966473
156.348065611170057
157.922305813005664
155.120953348346291
155.091060911809564
157.762688497306897
157.544686905922219
156.268271358657984
156.064980227083623
155.514217085771577
156.607158991816846
157.008490041914598
159.205056359093618
159.039699552647619
155.923724047779302
157.465878059195461
154.949864962465512
154.134135613540593
156.030157661068387
156.860438316950876
159.583886171734264
158.848996553703984
159.051594157315066
158.063974233699071
157.552136804582886
158.928930569789827
160.394516666393088
160.039291891346778
161.602362573500272
160.814342954662266
164.750314269043997
159.745065255578680
156.775379817945293
158.016572276710889
158.553356477084179
160.224572798944536
160.302598688896808
160.548554675016391
160.979034229968335
161.218959476592431
160.048106798516983
160.924237608031120
160.671915359513832
161.308849678373036
161.558481731729728
161.883042796791045
162.158342088400531
162.336872036531787
162.880226784059516
162.855909788930290
162.157178756682299
164.755483898733871
163.618663468304760
164.705740807359547
163.524875643750534
165.394464014940326
165.719026534166289
165.100023753342413
166.675749595880404
166.819220884078049
167.410228690031033
167.015190108557022
167.758803194886696
167.947025794390470
168.588668452471751
169.700541257727764
169.782233243479681
170.635428981237624
171.103730773613023
172.227432080721854
172.716466316323306
173.707791961779748
174.987901258780056
176.007939367657826
177.962158380507162
180.469430138867324
185.351504547344462
200.363416695865340
178.518121451477896
176.210147639580441
179.401721320525382
183.721899543970125
191.137832485142383
199.711152201248353
184.490616954265590
175.557427582722909
168.585868155599428
181.047136670676736
193.409125105927870
199.388909680765920
190.448982719927642
187.895840208483435
187.529782322084202
189.552154160325841
197.995498292121113
196.252570724305457
188.068271072910136
185.652595534869221
185.999353787747111
188.899553052637089
199.777577130012105
192.284217779793721
184.077019753432580
180.898223746013258
180.863353393684321
184.467272624650832
200.464028886870778
187.601299228209115
181.202958471757398
178.403669293783736
177.199039636675451
178.158674568673547
201.100804523617825
174.746945361396769
173.648344192198209
174.486984705561838
177.577505954535980
182.704913679857270
200.734933830526671
178.995840288898137
173.022795987899030
169.495219050477829
167.199769088347779
165.778184298826034
163.238009408941764
162.874080697517400
162.181035427665137
158.794227214484039
160.733760489801682
161.459498076759729
161.046629068000243
158.036878283072355
160.925857626825433
158.116919485100652
159.284751482777381
159.098213742855876
156.559674303767281
158.282939394762877
159.197171080262137
156.662909205404162
157.616695356673262
154.751329998189419
155.276192877273303
157.832414003322043
157.900284074206581
158.486981566500958
156.360457310029773
156.583020115504979
157.477320234703740
158.054087101846704
157.760648937007517
157.937210228216713
157.072322005455646
157.240280441023089
157.642567978530195
155.733738075410628
154.578533440119315
154.686021617160975
155.289046331289569
155.167996422569303
155.071412377308206
155.906086473238958
154.852188562518677
155.150874868275224
153.756431723267724
156.011349218418303
154.851050540502058
157.232870031788707
157.564103193057889
153.003630730472764
156.458077701669367
158.367378481442046
154.585274147470841
151.803654637741090
151.588110849968473
154.154694716025830
155.531396422029957
147.260556701064985
151.258103916994372
154.722419078708356
155.337452073850443
156.238958552156419
157.030997120378828
155.880507900842815
151.425364288583751
154.688960916067259
154.786305381382988
152.748610525199268
155.915480487842956
152.503144744758686
152.156561925327736
153.364852247282954
154.385312165788292
152.802636396276682
151.181407986934772
150.593574371372796
148.649189910927078
151.238378237206973
152.411723666663789
148.583819221865127
144.564728027879482
152.603444541600794
152.973939133339655
149.350374056622655
153.029810149340506
152.758888681912424
155.755700114814260
155.566171745467500
152.644119773524153
151.063641691589481
149.705846303626913
151.913949332200701
147.450281338128690
153.798233381652153
151.097812830384953
149.840643765752759
143.143288532903426
147.873855349622573
148.089893660841341
152.449419130143127
154.182903015775878
150.277065303689966
147.890837393519234
153.351332731916187
152.441985308870159
147.930276969439603
152.639005672693429
150.848149817875623
150.410559597992233
150.730927905061634
147.651965052036246
154.288453321270651
155.193567075996668
142.466853627119463
154.243301857986467
151.529899880169808
149.286473758116841
151.934624439697615
150.489588587098382
152.677720410679626
150.644785933804940
145.299186107602054
148.016322907016018
151.224482862485161
150.369634244397304
151.625082705662976
148.876429945664057
145.195826584377443
142.111241008111563
152.524470167282743
149.574026570170673
150.876332167543239
151.241316591604971
153.747279166776963
150.439891888628694
147.447713180488790
151.849815116131595
149.141788955469252
146.797301764931376
137.976627359048763
144.585831367817178
152.940286558317354
149.896809952861958
152.838481077780131
151.823989105297187
148.878022065283886
143.547677092231766
147.358578198481553
139.414496567456496
150.940451312109872
150.206095770591361
147.827680440223617
150.038365313997616
149.119466779303622
150.909240593704055
147.489424059416166
150.190256463886811
151.787800947861399
148.106447492876072
136.674502202748130
149.773894168695733
151.075821982719589
152.770078541410498
153.075925691001601
141.638677478919618
144.593668698947681
143.023483543243970
149.992254882119965
147.304140976057226
147.388987052128414
143.268340166814255
144.031845256511161
145.535596401577834
135.074674704552763
151.654695867442854
150.895868867206218
154.580653276598326
145.318384534038387
150.929264959137697
148.473309703208230
150.634179767570572
151.875765074509218
125.547858010430076
150.101526524234600
150.594741638180608
151.677659733527520
139.762698675163193
153.025594375361123
150.811473782736414
143.644950171520748
155.011773003827642
149.915869816014265
145.943844089748495
147.130410774954754
149.182118941849780
154.923725102984861
147.210020120756099
147.936782632244444
147.017659891214691
137.925453438863855
144.774476188718410
151.955540700012989
145.710182958240097
141.249939247628646
149.937433644316513
146.759673686879950
149.562130912480939
143.249813203053179
136.517798282476093
150.317092871633463
125.745579589227219
148.816566502829062
152.152114270544814
133.634691400279621
144.738623437601063
151.360984373747243
139.326653082691536
148.206663005052121
146.419118601254098
132.885899090632904
152.873539858149059
148.892480245934223
147.990763165161752
147.174676791580026
143.703824359487328
145.632319901551199
141.607308468033239
149.858966007959253
152.203517031258059
148.036526523063998
146.143073630514920
143.289226778621412
139.235028081236095
150.383525604835341
143.579958758853707
149.257361221922906
136.866452123453598
145.130786107525040
148.506016894135740
147.715313505799088
150.028534483633138
146.747972001901303
144.272774871032993
146.020932277623956
141.181930986734329
148.444026320454782
152.824908772357844
147.205658693172779
140.445365684090632
150.655530212849953
150.514114819712745
143.067083024804333
146.968268995596787
143.817154822090799
147.896532761717651
150.066509699152675
151.866258974326286
150.995677863831588
148.965145901151487
145.244880233566562
145.000777374611374
151.641647008429800
144.263725194607815
143.958220289998621
140.433269734907043
136.824426049104630
147.937649471959389
134.665965001942766
149.901143831448309
146.705791166278885
149.172363835692266
149.599915375372092
137.250005819421887
146.931029219692732
149.610438645230232
146.110239431535376
149.464637880374084
140.892729230350056
149.073909031164959
147.407640038560345
145.859440850984186
143.175939652582741
150.070870742827026
138.720683594570914
151.890085102816954
135.854431878895468
142.280351816604536
148.076892014661070
152.976576717227886
149.149679676743403
149.973911967293560
150.307251551153882
144.171067946887035
149.990194056692019
151.190284065814893
138.336053403552512
151.130670612490519
146.566239714240311
146.938585630453929
147.099548111850993
138.824553069155598
139.469959719045022
138.530945094511537
145.249272785213293
146.247656035902423
148.739793125517139
144.861584556200341
142.866372506317674
147.461200996219276
146.589500162577735
146.320830205159666
147.574885786990393
143.581375949704835
147.600255918768539
149.744302515984913
146.723161663728206
146.122958145321604
146.430993092641927
147.368735712554297
137.584994313122621
148.902431184432942
152.065409883318551
143.974293130799879
146.410973133046326
146.369343550436156
149.574193165491266
149.610358162258933
146.412506836820313
146.594769230327586
140.124430179743115
141.538337695905341
141.528786983379746
127.626228022390109
147.238891849922339
150.688682131152063
138.139032935728835
151.404516567753177
133.065515836897674
150.177685318086930
141.774163095017315
145.910148404034373
147.661415726137534
133.710682308263273
141.048816950067021
148.148525956399993
147.771404971101674
143.445337674212709
145.921393979323653
153.122606965806256
135.527683631905632
141.554634819958551
151.958383553775320
