147.751761486779685
151.493487767798229
138.238771561034213
145.202652529935534
135.323849485075272
154.002523323121949
137.100307055213648
144.155973944775894
140.590676273031278
148.734058929698648
142.368382655057786
142.833862599838142
144.841143318520864
130.224972834407708
136.406081093955436
141.667653614754840
148.578392834629199
149.421638804579857
149.896787358986558
139.178168962453469
146.772747045054359
146.546719684685797
145.430484087941295
145.202094141248125
146.325229578536408
149.160715813880472
141.683629307942539
147.701370321721953
132.732693550032934
139.916661410399286
137.015449572651562
139.716546022731137
147.196239633784046
142.772478651513069
144.044489663159453
144.539087100663664
145.164662556819366
151.388882241711002
130.579863536502870
147.233387461696225
144.452543050088934
153.721615735027115
147.126923486572338
133.038569539879120
142.474821942312303
140.510234986069122
147.687299607718018
146.071390452985355
144.135637529279677
143.460599015298669
137.800905341612776
149.558593715370193
143.268522460028350
142.403541305970919
145.719240445419615
140.162813086319062
151.107121775943000
148.009545117226054
144.765948606355096
141.276859733516432
144.748089516151936
147.274438823481574
148.043633805501116
142.768227686132036
149.078933515743273
138.089278079540634
144.368899632956470
131.729495891958351
139.490320163422041
148.932429454571377
148.761234266206515
140.299095873384857
146.466055745855186
147.335818031698693
148.723640830878281
141.090930565626451
141.032431332088834
137.200829141525816
143.140204527766656
148.197226395582646
145.569276186380563
150.828015425068969
145.253218820983193
140.297990494315712
145.222412424400943
151.697627403349827
149.802634478040801
146.996218203136436
145.673070792121592
145.725485093416751
139.309611001506738
145.813022194540679
147.229697538492729
138.830295354341871
145.155877245903866
151.791712070321864
138.773550769382723
146.650383908857663
146.350562990649820
148.694198890349639
147.827114108288924
148.489223886558193
145.632111391752687
135.408971288306105
143.656507767836302
152.557663502983701
145.785944155443815
149.271542726911719
146.881970672632491
141.460689255001625
150.890415077648697
141.548586853810377
149.946790301431406
151.986709302927636
143.867313048292601
146.901434697624069
147.282320521610387
144.150130549426876
138.970569533193583
144.213927958273842
140.018082567398807
140.737173581123841
146.123184026114757
135.220559762024010
149.998068196367399
149.863054261755394
146.031495324563053
144.030209046300484
148.957665283946483
140.913173569117987
143.662596173956331
146.157527977279528
147.582852172708442
148.967471793255811
142.345719549483476
147.587937047981768
143.050608824021253
149.598843867179511
146.821248134231467
148.455801988739239
145.952590581292384
145.232321685203345
150.516211009130529
150.867730919870326
143.014203484581770
144.467690894807532
151.010606794800481
149.662831697238687
134.050635893387977
147.677607660805620
148.027121590002395
146.072965564910959
140.174918111825406
149.641964456793346
147.354941391964388
149.505690660982623
144.993957079545225
148.497415274177456
147.689060755331042
145.075858016669201
148.696345295656755
141.625694370804695
148.526186290527221
150.584854145219651
146.577435673729354
142.796704797698652
142.695924262657599
146.630903990621306
145.854875824188071
139.533932452620434
148.075292523128155
145.805999030893787
148.046098737061953
137.541389413942767
136.907527556751518
147.839500250023605
148.672434574164953
148.457460016797597
143.010944960047908
133.271825141684303
144.593139489537180
148.566419432264667
150.192229450290881
143.030235990839230
148.882904885878673
143.872683920541078
147.221038327827728
149.246142374469486
141.513435913760503
145.795790056020479
142.887966437436432
145.802552186556824
147.218239076886789
144.600872680331150
136.044043839097355
148.311965734941424
150.148258820364958
142.014419631925193
148.389726831831268
144.262599229372256
144.060700055900014
144.547202919264635
141.465945142255379
146.309143614175355
148.517420827748651
153.551334409677054
145.944635207904668
147.425304379843709
146.872913026486913
144.136246352622578
143.635109108332500
142.582537454371788
136.223865937809137
150.882885351517132
154.054723779653216
150.427899324394389
149.719271769163640
145.805553211583771
141.379236948764003
143.991165155956878
148.483516165806122
151.874363336480911
149.146146058356152
142.420299279970777
139.870242942743630
146.700123623404608
144.407297961938383
148.961879859511953
149.206358097770476
153.182041697926167
145.400310590213280
139.370187567712151
149.684638884454074
148.898367442881806
144.833622196722445
148.706987601569438
136.703586223135346
153.497894016080522
143.254574719631705
150.601937177018613
150.996025792024938
144.962035726137685
149.341531774562554
137.948281451435861
149.912308934026640
139.812770279764351
145.696463985474509
146.605956713208769
146.190277841873467
148.211375829290432
148.632616946294775
148.085742047401766
148.243202299503878
136.682109944855455
150.296953538595062
145.983335609322751
151.427411190775302
141.893359212917630
148.886956030841390
149.440174898847573
147.746038616030063
145.685017757625019
150.425829194639761
146.285643251416673
145.404779854244282
150.790456347871157
150.964523884176344
149.910122090079767
145.271513549524713
149.733437183650949
149.889378849548933
146.420694080679766
144.108662593165462
139.450855353228974
148.226726770363541
147.639788193869776
147.625436621827873
144.181551622818375
126.931868074011931
148.681996460627261
152.116280605035826
154.516613072679519
150.591933229955146
145.435731750244656
144.040623579351973
147.333958750016109
145.584622379506897
143.178416497276345
146.427834032592756
147.524415618240795
151.408806073818255
143.984590933144005
147.385319641694764
144.869360712732060
153.635835981495376
144.510008754259587
149.958594552850229
153.832810869304581
152.319858595817038
146.308188301933598
152.075319740139207
150.766971575871736
150.681471395819358
149.208126485967739
151.440917996324316
148.934542961148281
129.084177901117755
150.529476251960091
152.886030359811770
150.258526516703739
145.719986685086070
149.131956923549694
147.442379717725885
153.987246140063746
154.130832505070828
150.478851924145317
150.713354150813359
147.693872421782316
147.639340021288945
153.052535755642964
153.098216582062150
152.139253608076388
146.405712967705398
152.459800114218098
143.347330146211107
143.748448322535694
151.155530533545885
147.197215121105785
150.278121523450949
152.121126822542692
151.378260729672320
148.888318149553896
149.756077986157436
149.460839103814493
150.380658031192780
150.535898200031369
149.763796556529741
153.762538288478623
149.118509866447994
150.345752348144345
153.634605927163534
152.223311466169321
150.487847752432316
153.423174736652442
136.327974599054784
146.609780578235757
152.224117348518547
152.017224196833865
153.100433001733848
153.417343518966732
150.876370307129378
148.776097563751193
149.310725757548596
132.600195586796616
148.330402580898749
150.534614120388085
151.414129390795125
151.886534873361910
160.774062951438395
165.070699775489061
155.882927626403756
154.055186066999966
152.227429295655099
149.833256833766598
153.898539910163265
154.917444790313283
154.816600184923743
155.797665031578902
152.695398115262577
152.218799669020683
153.597382927517373
154.315376986082441
151.554080066285110
152.478213516653511
151.064851622888938
151.795975861223383
154.182968174668787
155.421489660654800
154.321780741913102
155.087773019666258
152.765976672563426
154.945928289598157
156.151735844661090
154.665738151239680
152.885290196271541
155.940803208565086
153.851317765588391
155.104377540570937
154.460676994258591
156.135606059992000
155.524102425341255
156.022898460088697
155.800810143850299
155.343005849782429
155.868412350732541
158.172168923308504
158.835553977879982
159.687242768656290
160.692911870462979
161.605520329158082
162.282191790013172
166.751872776530377
169.901727306697154
174.065693069670601
181.900043714680976
200.871046184431577
183.225597662148402
179.932934807701059
179.673383670428791
181.245161130865398
185.675400208192940
200.039172155652807
190.175634102979245
184.264853360219405
182.781006632406530
183.516047096028046
186.845861149480726
195.354498536545350
198.394634126613454
188.546441480547770
184.890106585983489
183.271244630761004
183.136583962596234
185.120309155273617
200.135406859392447
163.865338701003054
174.433622071456455
177.892250656253339
181.336361152712072
186.308606387694397
199.739979258919561
191.868309539457698
185.658892189962927
184.103536009936050
184.679714986433368
187.448567775604118
194.914507248995960
198.607449132076937
187.076325242689677
182.265215494103018
179.629894477561976
178.255196079757809
178.950685549730821
200.696492509148982
173.978240669707390
176.211918943796519
178.779213104410644
181.875251234938304
186.944817674422609
199.466349015895503
192.897599595021518
185.169042464128921
181.504829439230832
178.609224863808208
176.529990091200915
174.988254800544894
173.739145657456078
172.765568106983665
171.244534270102235
170.974765253864120
170.561078582488250
169.757083444254647
168.307127090111692
167.428072750246997
167.940894451199483
166.506172693502350
166.332253056079594
166.035396074490848
165.336934208406234
164.557165623776626
165.156245273295355
164.880926205173211
164.149303184800942
163.431364828818801
162.351262116848204
162.240173733116194
163.053313945879069
162.608449379111221
160.745945309569294
161.558527794117424
160.970728113742098
161.291367353571104
160.551621904352572
159.513781074799908
160.963531319283078
159.317063685766357
157.834014168277008
160.892010239922911
160.143670202546616
160.939732418692216
157.956314278697221
158.818261853000081
158.251999343647611
156.872154657403030
157.095139365114306
158.304970605313315
157.292507759835217
157.411714606223853
155.317410315472983
157.938694366959567
155.422419955240855
157.178801824738798
158.350844967532908
159.514665903168634
155.521421737842843
155.824372095673880
156.537505864941153
157.130353417962993
154.176291868556063
155.125790890313084
157.914740448582762
154.421435206174891
155.909993971812298
155.170931292698498
156.439157067498002
153.206633894049304
155.411609278868127
155.082909502866386
155.554706056916615
155.497649386403538
149.640575429034897
154.435095712851790
147.062807475722082
152.323027855244732
144.979585982248778
151.692641859969456
156.779121349655469
153.225697034345899
154.607346422185515
155.285952586337118
156.105493433362341
153.128754424691095
154.853200913251555
152.155879695755914
154.105915345873228
155.218940441387957
153.587505462501809
151.752107321906294
151.153812365124992
152.365653717998754
151.952079294985907
156.883660547577279
150.428383112407232
149.418943427975563
152.341619034693736
153.041323310047261
151.902990604039275
151.031689478348284
147.854036926781873
153.671045766365353
150.969687004894780
151.273767725904605
155.029393524373262
153.337416114901259
155.751867721661540
153.775736680035038
148.509350571182466
153.693365518147175
153.046563011912951
153.301619679362659
153.046940699987516
143.841142880080952
152.523865234813314
151.579778278441722
154.591489510397622
149.112151826995444
152.880218291294312
149.709119547173628
152.337364748153448
153.205092671704847
152.936580138504070
151.404465814225887
139.168984781463791
145.457276715634634
151.942459362758370
153.049192287940286
149.563675512162405
150.902718830877603
152.810423823383928
145.842261179770531
146.373851768082204
146.827009583537603
148.756400593614842
149.662972334422221
151.734725783352758
150.168465546042995
148.408785807019143
152.078350968797736
147.751765543569860
151.597051737135615
151.440961846341651
142.191661810687094
145.907672982533569
146.496108850099574
150.364959218356631
142.324650878016655
115.803162957219939
149.103377562368166
151.756640721480437
148.995043821308400
149.692754068021316
149.091211984666472
147.168188581629124
149.261162438247879
147.051882627212024
145.545658898445907
144.479741711631164
153.826157165984142
140.238470472261611
150.613335506530888
152.617023345973394
144.929755394255153
148.545094102199414
146.676534089727511
149.981466656648990
152.328735454778950
153.772532275584780
148.679839324649095
152.021125046524361
150.931361396671917
149.767582834821468
148.105337845625797
135.690827982445086
151.670619530672639
145.564097823733135
149.690644025645383
148.912480928819974
149.343058418507638
151.023648987662824
148.456549822794159
149.774192529110479
141.807866071400241
146.144443549953564
143.693989162158402
152.597258113970440
152.586683567554843
143.244422421472109
152.438679390974642
142.240090609061525
151.725903135572082
146.920333748108249
148.587447931985139
149.577476113029178
150.921944607500961
144.832481111579796
149.437497517623569
142.570319716279300
143.671898377273862
150.114166356328809
149.963653261757486
143.839821949507268
144.526131571623750
147.527625363755931
146.015164902799768
122.442844824517778
149.729864802595330
145.795085410159203
149.388516709983804
148.795092310383239
145.746642236240575
150.105128675965517
145.460561558977275
140.808040156080352
153.415700051802645
147.511601299969243
152.926944087917690
147.090128075709686
142.696134408847797
147.423253671724723
151.642582858989272
152.958633852590026
142.379880499271223
142.546877753237084
142.152581774000197
149.508866863642936
148.635708902548885
146.824823611952780
140.987025949414374
143.256341582421072
142.096774698246151
131.800315603132844
146.131291113827928
148.864826972539902
147.228017365821614
146.796928487771254
145.806933562702682
150.213844668527884
147.396033819462275
147.444535664649663
139.954485098644881
147.683672920353303
151.866938992523160
142.537941259870365
129.800107408287346
142.837902846278723
147.291108403351558
141.827585956944006
147.725425560961639
146.378018430686666
151.591510318973633
147.482409087842001
151.301403633517793
149.239454595271923
148.093795858022759
146.276458769491342
144.437231159005876
149.764645435896028
140.942169854572484
145.750493988104751
149.718637312014152
145.417899760285422
137.021580216260446
149.648571152836524
141.695680654619650
150.355910184821511
143.338420052244430
150.659996472084174
142.380578746220010
147.010044560966918
135.998394511923919
145.862375673240251
142.922186705226665
151.249112272645931
132.943331999325636
150.874495047517769
138.970554259283119
147.750722025668438
150.651435473790315
142.029495840967343
148.652314080908184
148.552415915510466
142.005211451012968
140.980708400244595
144.986398389912267
146.428815657604673
136.409376955067046
147.874003393390524
154.305142144526087
135.968883988713088
149.944629276270177
146.795367265263565
143.518872893388277
147.426306867362968
150.332138309048247
136.002915414458442
141.861592472028889
148.673973448212109
143.344053890988278
138.798230867941129
150.566803869347154
148.285788697927330
147.570249195093567
148.695097898643780
152.191968293990385
138.342403474313301
137.977513782054160
145.464082603988942
147.835588043318751
150.102179859300662
145.673995163902219
139.939127516921587
151.194799038950435
144.655093435834004
131.260113416702154
141.840699428485777
144.490534410249666
140.822986376373194
147.120411385458823
146.574429471991749
136.077226994574374
140.723251474773122
142.064965671648338
148.398394694356284
135.960217704184060
143.742843301819534
140.611161268641496
135.699350284984121
146.280110397324933
148.935749208336034
149.716948533648065
147.379105000297784
146.112131758920214
148.306741107535601
146.282733698692851
144.679355744818622
144.298022395692811
146.182826749716753
141.781855170417742
142.924274566084648
138.866022500426254
144.973190540568311
150.767593754819387
150.853199741584291
145.211713452630420
141.154864994238949
144.356828796629543
146.073134799195657
143.068793234575992
146.194204802412912
148.304747632972067
