153.429176930306227
154.155984483718754
150.216428549136737
150.557559296112288
152.084071606485281
155.298301283471915
154.638143348166409
153.822157661703500
147.603898199387970
151.952506437400871
148.626781270989966
151.454761315219685
154.390700161304977
147.468534116281091
149.471591902182240
152.305831736656245
154.604629178811507
156.641610181302894
153.421969037630930
147.440734368880129
150.898535091504897
147.525432098575948
150.099573566666379
156.420195730170178
154.581924950885423
150.980218891167311
152.224068705620908
154.384121707108875
154.704611208569020
154.335392069109673
153.740524561649607
153.217163580725980
153.364227736895032
151.331320565602454
152.720676714360252
153.658157410319831
151.561341389595128
152.376627438346219
151.659577818633181
149.868037851007102
152.236638536107932
151.397886073161516
147.275594624864908
148.613841764300446
153.690350512934828
155.091642397591727
148.082444265395139
155.139406880149096
154.633597594342575
154.454091818506413
155.281390444271267
151.577755939409997
150.214727392211756
152.405685544600686
152.951180938118938
150.609390086790313
151.549775799925385
148.891804092623346
154.372456333682408
153.612922592192007
151.378822355259445
153.594618305897882
151.808567099294805
154.044625627229578
151.782864824497437
154.262084785712574
151.065388335021908
153.028857277163382
154.245475825880533
150.375909617535910
153.572634528196971
145.803016171036063
155.819754524222418
152.986803538006569
152.044780449023193
148.412270114967043
151.991462522800532
152.258618361340183
152.938509598828006
151.656272587615973
151.947870192830351
152.906122308688168
149.681187023093912
148.980329015661567
154.066951243810223
155.705963900488541
152.296118546175990
153.130677920734911
158.194194878989862
148.843501406619737
150.284855951048797
152.537069730867529
154.330480454639712
151.853273322468596
154.529832516774974
149.692384726215437
151.518266218838022
153.389759458858720
148.998781116070006
152.293229721308535
154.289744596131925
155.032062895176722
152.598281736984632
148.127690145543653
149.237625571303994
148.440756509928377
151.042797322846582
153.903799401373533
146.641849804505171
154.436007231505698
149.151016131192506
153.960104557750725
152.965717015496750
154.606618796644625
151.550818257852853
154.203872785078943
149.720415980385013
152.138322997611112
153.868169331014968
154.308006111497832
156.951016425046021
149.161505748409382
156.067783806926712
155.219801339918405
151.664446572878120
152.812017855851877
149.340306643892291
156.196357034070672
151.983654281700325
155.850935165359232
153.458794608031667
150.878757842469724
153.737895097866129
150.862166189626862
154.999539745813848
154.761132035485900
150.026346659827993
155.318871733819066
145.865853632243841
153.412778274110025
152.079348795448908
151.024447530529386
152.076004817638648
153.918215769366810
149.670311947514875
154.369701466824381
153.012358860526547
151.714146537711684
151.991521368012457
157.110503119689724
151.984814468472138
155.072815710956576
152.049890774762730
151.015592654933442
156.962752904951799
155.491198767250438
152.748344831857736
154.690095480635421
152.780158413929939
156.596071000457528
151.514483742632422
154.052553487536358
152.470032204758581
149.993102740796360
155.203275130739598
154.998603039592211
149.283456965793221
151.374979708329505
157.011689556123571
152.731503551509945
153.683907197943256
149.248651805899584
154.539079063065287
154.953819781560469
149.516950246808364
156.124693200819678
152.761917133456251
150.868292343043493
153.812996348242763
154.427932827126824
155.435592395395133
153.213396823932101
154.237881132066320
153.641836675109289
153.426422165209232
154.938083734271629
154.075048722965732
153.840857845212440
149.196901875830264
157.367804317628696
149.854510541774204
151.478687315437583
154.282352312851032
155.528378081714209
153.436675910815978
153.693707933772430
155.522263674883988
152.390361132874148
151.713086158025334
150.823799030863256
152.346080599686559
155.492331033123094
156.333321782362759
154.276927019812149
154.965519573295126
154.742799538153150
154.832493138120384
155.931554463016511
153.700090476927130
154.533793197313400
155.171685013996211
156.755081794037523
153.822648159885318
156.576169534434968
147.350900667233731
153.075418279495608
157.364466619134163
157.173904830579488
156.031503297458329
157.527851513535666
154.337577417782200
155.125171971630323
155.361447243010502
153.065727839299910
154.730169325758197
156.350682707833187
154.807881723501851
154.148423809778421
157.661484859815971
152.444482675875975
154.214868596032460
153.601381211898399
155.507392363253729
157.067892667172771
155.665831387823687
156.059067678363249
154.105964025931002
157.040579155301316
155.957584976808363
155.409725029509161
157.424230022435438
158.138980025590598
155.130480251624789
155.051303785184643
154.092588191703555
156.180987658517438
157.453603093204549
156.547932541890873
152.475782629211892
156.265614170402188
154.360054112128523
153.562933178895150
158.311811805466931
156.821255248930726
157.676615215926972
157.165750340255329
156.666767486641305
158.584584830396523
156.352823544699618
156.401589387390658
150.801419405637319
158.991834748223056
156.110880058560099
155.747810387437028
154.527315722498344
156.751525522563469
157.116414898834506
154.521932348721947
157.171955480708164
157.102490503357245
156.151505287490181
157.558356279271095
154.301598360510241
152.945015016039804
155.495249157391441
154.866973661454722
155.834877685161160
156.389511429592119
156.551627720589551
155.088486341851336
157.054987944343793
158.974025903422159
158.187578393831075
158.868473250624589
152.727602130520125
157.414692042226676
157.454708470564640
156.907795316868203
158.129333207456625
157.706006324362903
157.525814361996140
156.535648633739271
156.518817356905089
156.174468171809934
158.650214757577402
157.997640390131210
158.715378202464223
156.851611509483206
157.531091750114456
159.246429862165741
158.553748151311765
156.823993176694273
157.830523187402292
158.071701916116439
158.090084892976705
159.240104870849592
159.307934236181609
159.495725362382672
156.474940046349900
159.595929309193224
160.069937431653074
160.697429762067515
160.922511624314438
156.573639954934094
159.462253268636999
157.474888286672126
160.270701868823835
156.503661028459419
159.158520960860926
158.936916696637354
160.953493220334451
160.473461463604536
160.488244029099434
161.934169648283472
160.848421886444186
160.667873306658606
161.308441855796190
160.247543394332325
160.585173071194276
160.065917769075412
160.839114708445663
161.142736876437027
162.050300066418600
162.029308580480887
160.444296488659432
161.132862005931230
160.086512201373210
161.110359744017956
161.493018776754951
160.424933055969660
161.652097377677677
160.698799027251198
161.072583746036599
160.497574321018590
161.662434879428019
162.897276478167726
161.531774215238556
161.841549543735539
160.948435528734478
161.923867503842985
162.566018793577598
161.742067515578412
163.655996610766607
163.348708763990800
162.090107610724374
163.424214642963477
164.667151715555349
163.466004515814518
166.898355570531152
158.707371460396985
161.244064489220591
161.247665640880456
162.618519038393316
162.754928624233173
163.354777947534842
163.356930094711714
164.122175974130244
163.659537126536947
164.131316037916747
164.788622217374012
164.128083925794243
164.298483172835603
165.293121071465094
164.711961502922009
164.287262169913618
164.819285643069463
166.338716296794416
165.467651176881816
166.128540523194488
166.045025000142317
166.357255495772478
165.708341649380770
166.237409858239033
166.415846946730824
166.703420071507594
167.427922686289946
167.066981299693992
165.872717223756865
167.494922301095500
168.315000000262842
167.627056772888636
167.548683299646058
167.842911598187129
168.318620630184313
167.855570487286741
168.150165928946421
168.390797824308095
168.587998164836250
168.600354346451979
167.841732913182540
167.768947573194623
165.683971173633097
161.227828790810463
162.565501975733127
178.565262757301355
201.201326695088085
185.429534675959871
183.042274230512163
182.871658616269031
183.703559888360388
185.971200842646738
192.167155223225166
199.666190382942233
187.169561720481795
184.557469494090583
184.446817390732292
185.955734780575710
189.132176746544161
196.804861073322741
197.036394316360543
184.193270150960700
174.990588767237000
170.482011557858357
178.666434021998441
185.940289782336322
198.305602901041652
195.219074137240170
187.391327472664784
183.827764071589684
182.148416905929821
182.514472580486597
186.188213599199798
200.260018417055051
189.431444394391093
182.168566088807665
177.590797730916449
173.665163171968260
167.013757068080821
167.812592655964323
200.631873327176919
180.320591956532041
175.598436101851263
173.334862207872789
172.639165746257675
174.443379331763083
181.019051746019500
200.910436934370438
180.998682369956327
176.778714101558819
175.429586630687453
177.986239654288113
182.137333647206361
190.477664907258145
200.190994550995811
187.455513257264698
183.083883713684202
180.531938336629167
178.564593263135180
177.309488386634087
176.397215247471337
175.231473418640576
174.791713968518508
174.156771102040466
173.529430747704936
172.380636854537158
172.361065839625951
171.514623899519592
171.298722810247909
171.382565083608370
170.700816426096708
169.979704295831169
170.377410498227277
169.631410189408086
168.732856820254824
167.846981517330789
169.121690251195048
168.269123287683016
168.038750282693229
167.731825776176208
167.608235340681631
167.666358300285367
167.360298334469604
166.583757363078035
166.659197280672771
166.324115304955853
166.602104205047453
166.695566056483756
166.009061775955161
165.688077117069383
165.894034537749747
164.874827377557892
165.240312864276177
165.345908226406380
165.202270035346203
163.923013687801955
165.132734033975197
165.353059794464230
163.725322094320518
164.039794311514697
164.260632814082669
163.719762248636414
164.018699553524215
162.894534895332754
162.941100754413014
163.622901614134321
163.353345672860939
164.722604974790897
162.924358710258872
162.531579781010180
164.195971669342242
161.246929932812634
163.959019958643040
161.708467002302825
161.079716160130175
162.266586325992506
162.390986226884735
161.617092212268346
162.290750472601104
162.462808245591191
163.518717042234385
161.058160360101425
162.288213052257930
163.054649611201455
161.537264298830280
159.020882621654039
161.477017858312536
160.263014752462993
161.865639469552946
161.308990161796316
161.987606236036413
162.066415177539852
160.349836824792391
161.421159949980279
157.683982469323098
161.153226411979603
160.780612302702338
161.288232601192448
160.112201183581305
160.408410622271305
159.124143368269529
160.261567661831208
159.227474032605784
156.701811487058905
158.710233619860588
161.163911895484233
158.338787066514868
158.780531575928819
159.697641829142299
158.290675714442500
159.264853923249490
161.083636813468217
159.018543935301778
159.552720918200038
156.291373954410403
158.226866269286148
158.714280966567173
157.143848301193003
157.945839129937326
158.623607813976207
158.523351220622118
159.295778701482448
157.864808091365518
157.228787940453884
158.450806721454398
156.002116468171891
157.422177657399970
158.296627387082623
159.205372147321896
156.728321781821933
154.561618675205722
155.792941528702670
155.902046468278456
158.182823151820060
157.093520670377814
157.636189807927536
156.878314528874029
157.373694040363659
159.278038691315146
157.507014915933013
157.839601054628559
157.949580968983952
158.606524703628764
157.858764787328084
153.793606689685703
157.515868701052284
157.892000963539942
158.932702665550352
156.903686059711873
156.886400668484782
157.329885709732139
157.813176436976875
151.491310201395606
158.640028255320232
155.860738470019271
156.185072402483087
157.004806065563542
158.455918537883036
157.872110039594332
154.467474338083605
151.981489619170588
156.030181092073860
156.459856522986939
155.731730612328420
156.884076081453060
158.192469241788842
155.860256853409567
156.040291378079360
156.955796608957854
154.902979482379578
158.188576710679854
159.712611833989399
158.132643206578308
156.186219439313334
158.093072526225086
156.934711267002768
152.652936281568770
153.883190936984278
154.629014075214315
158.635026871905154
154.454555445683070
157.708188173821384
156.367460320876660
153.694592013918083
153.884139687559383
155.900913196166158
156.536554133489460
154.783640576434749
154.338659583911749
155.326406813080098
158.061408238675369
155.967067536420046
153.239842970333370
156.233506934890130
155.730150272050196
155.730093404810162
155.191167238243224
154.518049283875655
154.347688175054202
155.063595900246241
154.608950092144227
154.513396670343155
157.759821588564051
154.019767810038900
154.753948259753884
157.840570443711727
154.256619912702092
153.937277252052866
153.483328983398309
157.384915255944577
156.579348101743335
152.856524678160184
154.511319037642892
156.017259219020190
155.341140162695041
153.536520599961335
158.087342612082807
154.309763203492849
155.184513122228140
152.401717371114501
155.431504284036038
154.365413138008478
154.448407013862322
153.161875812866100
153.630464340507160
154.029633091772212
157.768365064298223
156.447149861448764
156.479022923089076
155.425465630769025
154.434481882072362
155.493814903052282
153.497917372203460
155.375108857264962
155.666096400826405
153.315434983180097
153.161876883478925
154.204590206663084
157.813819835944003
153.045336135071580
154.367556790340871
150.067645944933446
155.188090447256940
156.593675237309128
150.296256976187408
152.180487889671554
152.462189841051753
151.319406151936619
153.597463372224155
152.102986830283044
152.176552010437376
151.819827896916280
155.360657393078498
153.537027549430746
154.089122797762798
153.778590769125799
154.499238182404468
146.802219797263888
154.626106996213963
151.493526714651267
152.376352930420438
147.456480831866827
153.718286263670564
152.768600367771967
151.298978511105076
151.314293376797934
150.525139695021323
147.646824688075611
151.093437808515546
151.580953819611693
145.056466668502793
154.810374454977563
152.911156265605797
152.392010709922232
151.357905837781630
154.789423972259385
154.216001296906057
150.012686780440731
153.349023616632564
154.896221192802159
151.316068596895406
151.653864039399423
152.833839475353784
155.680978035748950
150.870072289515520
153.138691249877411
151.952662322630317
155.186271810861911
153.281781926692958
156.555948291908891
148.544447096914524
154.542095694654392
152.901316305720684
155.158299412394712
152.807309503253066
153.194287919686076
151.559765579515727
152.902200969581315
152.126636889363482
154.006795058494390
155.483851604998449
153.446822018520209
155.193364137825228
154.930627245468401
152.752787889611483
155.124860760340681
152.512350046972642
150.339924304556234
150.074847936988334
139.795565459929492
150.541017739015956
152.046346122536022
154.871096369345963
152.808220112526271
152.619017235794018
157.071086649975285
150.681499600226829
151.242914668800523
153.398702387813472
152.065376660082336
151.353547697226531
152.079011409025242
148.194495892294270
151.854431431491520
155.333821452339805
153.006593928650432
152.476439995830191
151.513028340649413
154.838728791821666
156.359077505917128
154.345935007745794
150.690852286378231
149.854176439154656
152.148080439763788
145.618303077940766
151.023702083134765
151.980416512863712
155.284883611489363
152.083821049467417
147.949821985432123
148.869391602955602
152.967352238949388
152.200821574481097
153.179272449016565
151.228966206508801
145.946048042531203
144.703522822569965
152.523724302638726
152.400530471973923
153.952402721430673
145.609547490488239
157.305736371648948
150.604742901169118
152.564612196779365
151.825278370670389
151.324275807760358
155.453802986254146
154.440751428732000
155.838246483048948
152.930079974847274
151.996034344717145
