148.201754360060278
147.399771291246822
147.497796564572297
149.436774916231400
143.608973125288799
142.838432410406284
149.836129337098271
149.479556884607121
143.369816891583326
149.982756113316299
154.463166210205202
151.306632830124016
150.870939666823006
154.752436887902775
139.984940873447300
150.575030979182827
143.456239055095125
149.769709802148753
137.761605331021400
148.325378641087838
147.710567056201086
148.386412709992072
142.267326831237426
137.472627413965995
138.513061834479146
137.892389893624511
151.029654717175873
146.957901004334417
143.648288463802317
148.926484790030656
146.869741559064806
143.677336656097623
142.852414074248941
140.894721887371674
139.993167273696940
144.790579888243627
142.146231433404779
147.333214445390098
150.493733992343579
146.145058926961468
146.056606789139892
145.562816294109780
142.488618190386489
152.092930425653577
150.224921454733419
152.787477226626976
148.002458027302765
152.585338103208187
145.203606906789872
151.182907695150163
145.666981289174828
148.190216754886450
144.122915326709403
143.529612631042880
141.671546637000631
149.283720753129330
149.101507278372083
145.945689901012912
147.909665116410139
148.567793352938708
146.553729907447917
146.793730470804718
149.497519612155429
145.866769807029812
149.290250523574144
146.331404648683957
146.965115187432190
147.913893058168952
140.437315351032169
136.202742908933885
151.957885236408259
149.193765420714840
147.029544000445895
150.740262841527112
149.572973148307256
151.889461969326561
146.284515365219903
151.361321732102965
148.033056130901770
148.308395734879326
150.875618980986673
153.072878877881635
146.022535964186517
147.664826935962452
145.221695078338939
148.210780528644534
149.841819081809035
147.278634462281559
142.171996520026795
144.159853467106842
142.446528080480761
149.003587139974684
142.136827823400836
149.443569211761059
147.716746655600957
152.571905938429609
144.432065554238676
141.144216326338380
151.408003605154306
135.291531974960179
143.014474454704413
139.251096387365891
152.012892910771455
143.654428924652507
149.902739028227586
138.779367745744452
148.706485554609031
147.291538649488814
142.552042002886367
134.774035055204820
153.188265525070733
149.757469325414007
150.011862506842107
148.458497947422529
153.263545060712772
149.096911771600674
147.993348139250458
144.587015297910540
144.888907734374726
144.949509714985993
147.633559920817675
146.870821850995611
149.466540771257655
150.190163263364099
140.593328471423007
142.423281230388824
141.518350395488710
152.107518642901482
151.093674605194451
148.039593729504446
147.602452639493634
147.277717199744956
152.893027400808819
150.294901955670639
150.022366599761426
148.594443154009042
147.642451674997005
143.650776091814407
146.593355929771235
145.118868250258174
136.577369868275525
147.579984266018471
150.585478352734896
138.246311015616186
147.749034364505150
142.720304672426607
149.069712610714362
147.579625804536050
148.918214875348497
141.957212100557570
148.526082679421506
141.871517347649188
148.118510919639789
151.556640535960668
144.357778494816330
145.890752348771514
148.420148144290181
140.256477801340964
145.534726145429090
144.454851877664112
149.274047774216370
148.333054859053959
150.004645171603812
148.559171015044058
138.300731277802839
150.282175163852372
136.926927742676497
145.161438451672126
140.108175071238094
147.077459643929529
144.636022273019904
149.266947002443885
144.645754892385298
149.234903776913512
139.403246650020833
148.156975398658858
143.226818907660316
150.209233686142824
144.898491825740365
148.065459774171273
147.902963377172426
149.207744995638365
149.592537824215356
142.329487043052268
150.632898377221863
142.018940926416718
139.361146703710347
147.216840188873505
143.303930522579577
149.524026696871147
145.458337172288481
152.757279001304084
150.497408603642157
146.705182873119924
153.124104452607185
148.632951761065016
143.908944913374228
150.631274828787042
152.945422719455422
149.006322084359851
149.906065223281132
147.004089166846597
149.465788163322770
154.760295000085478
141.048582162188524
142.581955696154779
151.480663960264280
146.771638213021447
151.649633992070989
153.964683807233598
145.809869829205894
143.712694402913769
132.766156829631939
151.861129847427549
152.306571493316710
148.081363321063378
142.069294166975482
145.934156515243217
144.494104784952469
141.737300040835294
151.791100259792159
151.084052249466708
150.471624742600966
153.806233881830281
146.175464662636244
152.946359632391648
149.665674458522147
154.055541125230434
147.862232529292811
151.666536345824710
154.410406537704063
142.743595137145519
149.095867956481044
145.507942817998838
153.218766103940879
146.769506983861049
136.615918964373691
144.703319090723284
141.752992056797098
152.910528110780660
148.864431382709569
151.205267434067594
149.020144215788747
149.027429657630222
147.260000430953653
151.951786546256500
148.946719005291641
150.465189120839597
148.602686984242609
152.311151463556286
147.537834333156724
152.889260485432004
149.703701300887417
150.228552410055869
153.127053940967158
148.249136257365961
148.826418363362365
152.200846763378024
142.050604797994282
152.246804268443412
153.739902710799640
152.169828635418554
151.456558150462968
154.174787523384452
152.969504796394574
148.656470216511110
146.841973745145424
150.985438462976759
150.387118998575261
151.504127525602428
149.685070645363339
149.393715971842454
152.061301709778320
150.057764724497076
152.362539500775853
151.369441345906012
149.999004117264917
152.213344341759978
148.664034095053069
145.034378160516667
151.593593582321148
151.847401758727017
148.650935251050214
152.759166367703074
149.902616805378898
149.708434380869761
153.789366322868716
149.340554820875809
153.305941838729780
151.336457388700040
145.105935351791658
151.076545295366913
147.558566219828265
148.833972758319703
152.077318142987735
147.325851574362076
149.901371255622053
152.055951581231454
155.159158297358175
150.423831813909572
148.055687519182612
149.209097877305794
152.336223559549580
147.086860462860869
150.456848532527886
150.405393414850238
150.898074171265904
151.631878653050507
154.848216124613089
152.294804233840324
150.920465625696977
153.420844863919427
151.210058707246873
149.790663227116084
149.633925872902836
155.428692840115644
152.875631066848058
153.703724216533828
153.692293519900034
157.493425596879632
149.389825270318966
155.700687679716651
153.518962162304973
151.890294083031620
151.237970139785432
156.697399852624471
153.082164770420832
152.709436328200951
151.840451723162062
153.016394391226669
154.688832487191178
155.166991842620178
156.008106397001086
147.659639302475796
148.015051984868904
153.074800834407796
150.744582633939046
152.884109458139335
151.932399350732737
150.790562261037906
149.596019421952093
151.574895052242141
153.166507595195810
154.183260098027205
151.826505966944325
153.854357656369359
151.087478841990276
153.453877426988925
154.984617146455406
154.099627478261169
151.002590300291843
156.569951359928183
154.110264077194500
152.997776737218857
152.692670703811729
155.296437977106166
149.053985244140989
149.373322024518529
156.550880113164027
166.755373827717477
160.907404329006141
160.584706734222607
157.807939827517004
157.798034880372143
157.566707439085178
156.808670050356852
158.281545370322618
157.359441569451178
157.717369420435944
156.866225846808732
155.309416078206283
155.681100971716830
158.285204382931710
159.631467560806072
157.274655433290292
158.971214415374021
157.236973289670516
158.783649135682765
156.849917484592936
158.170883685208821
157.880852554149868
158.726201634487353
158.954300142689902
158.330435813984167
158.347615083992935
159.276631213371587
160.344861419715443
160.572365531383667
161.361605958418181
160.140379698345640
160.061260604061346
160.733553634394127
160.140976769687029
162.374590790179838
163.292266610007317
161.541255307353822
163.781810451990566
165.325899175587523
164.365075829442105
165.123981336663491
168.102403755738180
169.651241876880306
171.684980648015284
175.430764273427229
182.664378267924832
200.792464163704807
182.296690698189394
178.272635021707373
176.910973106736321
177.733309972669304
179.753073308961177
184.568976154639898
200.176560025977352
189.217346403559816
183.521712275195057
181.672428076372341
181.786268893017251
183.422573424116820
187.241425207903887
196.357702645031736
197.644155628247177
188.140604754786267
184.171210115472121
182.063248713430482
180.965442336513433
180.912558737124442
185.010976870880313
200.910348351862098
185.632949841571218
183.118714395496568
182.797529109727122
183.097549297854385
184.555333688468409
187.757127070613365
201.134204079724327
183.336584960789281
171.536355454108900
175.322835189425689
179.575719513254228
183.109109891007165
187.730127290189444
197.126937196283848
196.926326841632488
186.825641948380479
181.875811098008313
178.662843293946537
176.923335550527895
179.474427349574967
186.467731555461029
200.620916859206773
184.122648348371143
178.437674568175225
173.634622292517946
169.229417130640655
171.150856340463179
180.093856884705815
200.350091746155925
187.255423585766948
181.875159377197264
178.974772325351864
177.190182516100776
175.724587794166496
174.442715203342516
173.772420866558377
172.745600095629868
171.943799676389546
171.531161658544676
170.660633053427318
170.372226781228107
169.495542693929565
169.177474225310618
169.048619911889318
168.384289016574940
167.789215418364421
167.817916541875491
167.133800737662966
166.278943072289849
166.661547292658014
166.749633214654921
165.428239123770453
165.918614764345847
165.097678132588328
164.172320700413309
164.119174818216010
164.071522925789452
163.521898252632013
163.851241749240586
164.378648322734136
162.458695436855692
163.460728222523102
163.283961824092444
163.594492107361418
162.935174716302811
162.086329516633896
162.473361626932189
161.483970992713580
161.914452410693315
160.720542922932054
162.312464024222322
162.742195796340354
162.136288675580715
161.282745423667507
161.216879650670876
159.763566551857167
161.296731790317608
160.143730739824406
159.912811802479496
160.133994016317445
159.068457195600331
160.536829508548976
158.411341897474529
158.338120820140603
157.244602616027038
159.163632248412313
158.172195612660033
159.828116337907971
159.107209779386523
161.927885959817502
157.015470847911956
159.163686562629834
158.308733957105176
158.724168814444766
156.368963246802394
155.820324531880743
154.946003753847833
158.001839845845382
158.994303163546675
156.048216876266736
157.554267380637697
157.577879607172690
155.890861093995710
159.237873389088492
154.884608728748276
154.471398437018706
156.480793096655702
156.334455136443040
155.773963471013360
156.955411976014886
156.391648288071792
156.923252685414013
155.815796817275412
156.880246134655522
156.207140639195387
157.540925956443573
155.952343939961764
157.149409075662447
155.840658692733854
155.584038203189976
155.435003413497242
155.823031426491411
158.961541114471061
153.153393212062070
151.174950708505150
156.220211892535673
154.202731340721073
155.919517417219254
154.247144667668977
152.975851051139330
153.182954337533090
150.248611909964637
154.309209815443268
154.944100071147346
155.737764388237508
153.542034706723314
154.617716632000224
153.864034685557584
154.919557119197265
150.091819809550373
156.051711145980192
152.041655788073598
153.286458707985048
152.965039629617735
155.155923759754899
153.611447216334824
151.637859205009960
155.101867191853955
150.333281187169007
152.221218991293512
154.232338394314326
151.013739907129462
150.624216253214115
150.352377281501845
155.879886551434879
155.666457730904256
151.593298584270855
152.957834657302016
150.109217559566986
147.439574886277313
150.774025279548823
151.428551421679373
154.812720771514847
154.734231901644421
153.969406255968380
153.848971407582866
151.723349280747925
151.789790324712726
152.488589738160584
150.754387818121472
155.145114662327444
153.617234473402078
147.547233186300673
154.331094526200758
146.947188766805027
149.113090246197913
153.680064284508262
151.622876500406988
153.868387457380493
147.613854577270899
151.475364743409102
154.700936518956979
156.367604806826819
151.610462617022961
153.161043838272462
147.792731960016539
151.142721959402678
151.404759940518801
141.697124242204836
151.499142707175594
155.691383694027934
152.803591760541252
155.578175706944165
153.754775230643986
152.589538918592666
151.891081143439948
153.919758026355822
150.172109238341761
148.477651102268283
152.871471104925774
151.009770376358745
149.932632445407819
153.747302742053535
150.281452850197468
147.800293533905403
148.163894880370464
151.673210326035104
146.240333715146534
150.655601179387077
153.969972919240831
149.630629218625870
154.165244516250596
140.952083527463913
153.844349420822368
151.487191658229960
147.454093040974044
148.149923183057155
148.784015196253023
151.569961782618208
151.082234398242321
145.542604006480587
150.854544326480323
152.369036397117611
155.118856662887879
150.780617055087390
150.080327982974921
153.192758524801405
152.777369705676278
147.070914368802505
148.498339031152540
148.443162208757883
149.961271770766189
154.621564244395159
148.639851533867585
150.560849746404756
152.008926147733945
151.435278891919609
148.958699050880256
144.620528532557245
149.880480487552774
148.169893787916237
152.744117308909324
150.367014860480339
148.588005950171521
151.451444950610238
153.309774084906849
143.886627586322248
152.639164561785890
150.691424894077073
149.258338046848110
154.864140152022316
148.114217738745651
147.266662101152690
148.474684954473275
149.080026200661791
150.270873195665303
149.527351310223622
152.695973371424969
150.737567848964318
145.314229692341655
149.943484560094163
124.149388665072905
151.686841912190403
148.856195679587387
148.073631204504181
146.909215074755707
152.904815122012508
150.017316790926884
150.686953500257232
152.296615003835655
150.101561073900001
149.334533207919748
148.480700917445148
146.349666806858011
147.293606904712817
144.344939427949043
150.455162860902931
137.303883246080176
141.400737817536765
144.346477861755432
147.664225475563796
144.773220013244497
151.858835721621062
151.055405393522449
147.791266233698451
152.437664125956331
146.380767399087631
148.577654340324443
150.693094000330944
151.240594052811247
151.861360820451694
147.628598386201674
152.582108228393395
145.591731558931826
144.908442459575639
144.751758180985547
147.833319132181913
139.895653000896687
147.832299394768881
149.067090569614038
148.012079390426550
151.915497413675865
147.647099092326755
143.819587706265509
144.777217984967933
149.035519338468589
151.141161826153535
149.915127078937871
149.617083603710853
149.024951611811247
145.512455138586887
148.028167820790145
143.263542766834206
151.294614133595644
152.109543111949336
148.505251207906468
148.692407343980562
149.357136457731798
141.224838388536057
144.435473846929654
145.697127470614561
141.110333714243296
145.012581595082224
146.304600915115856
148.378775916050131
145.381981676333055
152.956429244259255
146.877030310881281
152.430540587608562
150.220687682595411
149.323978250428183
148.766355281903060
148.529314965306924
145.191725015598024
151.597649522442083
152.044726086270970
146.802352932296401
150.644964406311658
145.210432002674310
146.820706493818079
151.064933638910077
145.186162681577059
150.756666041415542
154.252322549326465
152.424326694464753
146.640658075561362
151.905128803870554
148.988893001553834
146.748425940939228
152.094346691652049
149.504355070884344
151.113186357921990
149.374728986491078
149.442872929821760
149.745322030307278
149.957462031150385
143.000048437465665
141.554478744124140
139.255954128791871
145.732752277217031
149.229667443346841
148.907380174853444
147.429164657646055
145.783452377825370
147.126207529351007
151.092434627131439
152.084401632056483
154.101620659102394
149.546270964791375
150.820481176545002
151.286091166293971
141.515416688581098
