141.010069910378263
144.428859650185984
149.696165841713082
155.512849827837556
153.071101116976962
152.283455895663366
143.004758063745214
151.124657034789522
143.903274019785982
130.473713105305080
154.600108884353972
147.983780578505332
147.388514952611189
156.102410927748650
142.199157733910852
153.181481816865215
147.225442863035852
145.063818145524095
156.148432573590441
138.857390456443397
151.244633045789215
154.213157515966742
147.275116181737985
153.392851664080411
148.812399699488338
147.508908363974797
154.507808158833825
152.013672861585519
147.889146084194294
156.100527392025526
147.226162468495573
152.941223072402977
151.640504301622741
140.216179337695763
157.361799167303275
142.615140860037826
138.085614208047730
148.454523974651778
148.954496006982879
152.962692966239672
154.696390630658158
148.623754128854728
152.173893291351817
146.756232003624177
125.475747599331697
152.339993290883683
147.998619802642253
151.850916811990970
152.790333905222099
153.001373863540920
154.035744760432351
149.525047570682062
152.692912599468855
151.522309641045922
155.386253603828493
153.920108597094895
152.479583363866368
154.993028714030004
148.740042349438397
148.742115331222607
148.585031422929205
144.865998307965555
155.009417163259229
154.846491964561295
147.520814535476887
156.284738222200104
152.136717243678646
154.115564419605334
151.388862043265590
138.184043052162167
148.351651872819531
148.135427970289413
138.527014224146114
154.162723533184078
148.663571422962832
152.180040987800339
149.785283405362463
143.108253180963686
154.125499190911313
146.629271643974675
149.581538045596403
154.069052983561761
134.747382915414505
148.884888449030086
154.499838121493809
150.577761874820595
158.547046217659158
149.625167355568323
137.534469861606368
150.271638490678356
148.423526799575598
152.304764062726974
151.727811127328550
153.372771939256950
158.794373924562336
149.679973319003750
150.136450584418014
155.411115905260829
150.699069623047222
154.265775787639370
152.178929960863201
154.511336747739591
153.137696870535706
152.129369047035169
143.911007820893900
150.613205132867478
147.602129345510605
149.970932865732266
152.373155261537022
156.226666905794190
156.247990878248004
147.757447413474239
150.564932945917150
146.600231920750190
151.566329866632088
138.630576099380477
146.568250520363932
153.822191822490936
152.884692393456760
152.467222907095362
152.623177894722602
149.856295583144203
151.316938445162577
145.859809497526385
150.228452537909391
154.265823693884386
145.085102952117268
152.150207321765293
156.455834787513538
147.584368317094686
155.966320028449132
151.360592064772817
149.278818068960902
156.548980874891583
133.702149629675205
151.561879557380394
153.144943703110755
153.044566754500579
157.967204050316440
154.737660218772703
148.545206948222557
157.237213979639620
144.027927412849664
150.711052323145879
155.205923467555380
152.504562174239908
157.793995899384726
148.483969958242000
152.266747255013740
152.134967203357348
148.928219903148999
143.255436500303460
152.691541511952892
155.899555709960111
155.646895582584165
149.839615574205652
151.764416142445839
154.329145177556086
153.528624566248254
150.032425045762096
148.189700615845055
155.837332350372833
152.975529802315663
154.867471790420808
157.385578324394203
146.393823261252123
153.589167050265871
151.359653271115235
148.837382607149777
158.817549031854838
155.557320786776842
151.879070512676435
156.590060963801562
147.310473853290404
157.844950354415261
149.352607112795056
134.416544582554735
158.157123060780378
145.407462608536719
153.321806978498728
156.654168648748765
145.351301267779803
156.230868102672986
150.116304318573469
147.130550964214876
157.492071160377009
145.273010636943013
153.605813853293995
157.641869516376005
124.371316478805937
157.165311955681290
149.546446857559232
149.323773989208973
157.988863772343450
145.354680307406994
151.466438316689448
156.346288629960640
153.947643861285854
157.015002255255808
154.129904557149644
154.743248165177619
155.106338420507370
140.635212996092520
149.434010645602712
152.955947246953428
156.298972953076088
156.181990119986921
152.152291960385753
154.756870118951724
157.697425084528930
151.215883791105313
153.009110768263412
146.336443603621944
157.917845631174401
156.521900593933822
156.526736139456375
155.931952135768029
156.914329645345390
155.136931222168613
152.123646315126535
151.449350405628309
158.182224325395737
151.873252317484173
155.376900123864175
158.474430782290568
155.437273628984144
157.874202100633397
156.024801344524008
140.344271833786479
159.331402039835211
149.377217038700223
153.937577247068901
158.767716602631197
147.164787439491988
158.652062440132653
157.987138417466326
130.172335774284051
160.401409204210523
147.089729648793053
152.779273176661093
158.735966340687071
135.706597690795491
158.649233404538649
158.158840234591139
156.647338801057941
159.486130684220086
141.884464626039687
149.357940749388320
158.933435716043391
144.703428403044910
158.065961104381614
157.923977567274818
155.537199670807126
160.601569460713222
151.963360037939879
151.567291523522869
156.136950228266869
154.640735049030411
158.899673309877073
157.800997610047631
156.586574733101685
160.519028173132995
152.977043403746393
146.586926135710286
155.062520688311196
157.783625583737177
154.635701960766369
159.097919609942295
162.100178389683322
160.138846327114351
155.815952857521495
153.428924118080261
157.050488799700133
157.793638262020693
153.478715016243655
152.234486206126462
161.715183252038003
158.547040786021995
160.191586366070140
159.091151660651747
144.220693325253848
162.541561847523496
142.680766755114831
149.876055131094716
162.512349226948174
154.678205628913162
159.946222196249153
161.119324602380260
150.902436347384963
162.903803496343528
149.200185821335538
148.877524037337878
163.717219003147989
147.802981218753928
161.840966062734310
160.181429980336958
155.811112422948497
163.259180347463825
155.656736867942868
150.479904886832742
163.408706668305854
135.725073044847363
160.405215444720255
160.510129116232179
158.263492042170299
164.015894777570537
159.463876734902641
154.992647974975597
164.242338921919469
152.314365141671573
156.936568943699172
158.941027190078245
163.342909056528697
163.945107575454529
161.395389940703950
159.081934800817521
162.738886448915849
159.660852658632479
153.624242349822623
159.004617775324704
164.620010255853771
163.778292795305902
164.509618885015811
162.732784784133798
160.707655826852687
162.689071400872052
157.922632424242153
153.905543414207273
166.341912809553435
161.364076875107401
163.726701896336266
164.786995482914762
153.363881379108193
166.166938781641647
156.740571546599966
155.752305303161592
168.406374398206822
162.004705706452256
164.682269451584745
166.321743630223722
143.144278681914074
167.882132480548478
162.877056781038959
150.927595017013829
169.574454942607531
154.808855316140949
164.994838305456398
168.531674871986752
156.173129477282998
168.768439686952860
166.295580383271101
163.576510611862261
170.775965614121674
150.207593409796402
164.164003762673644
168.524487377034120
162.823356836354804
170.963515868111244
170.908577058985827
162.203549093986794
171.231193401037331
157.059351324373807
159.261739508504604
168.808853386637196
168.719965818178821
170.250095387894135
171.395679747504772
174.238621483414391
172.430742660524345
167.754175904167880
158.660599380302955
168.997199457038676
174.087802089649756
171.108543527823997
168.205837845749642
184.052520354802311
180.127519936649435
182.735546698236249
187.004521453585852
177.694106114427541
189.162030835446501
184.317716274464715
183.855094691209274
181.725791947544081
181.539024881463718
192.437719850836913
184.485696673176903
193.792638508035395
174.301306827991169
189.553474334515784
176.480053868708069
180.498395660846882
174.858314102405302
183.301608499593527
184.442701313327149
178.191638402576814
191.220593569164805
181.057747677141663
190.854704384498291
178.989662691953868
163.929981633963735
179.029591084433321
190.819670999793829
181.131039213836914
191.144929379187715
178.234987968328994
184.459172105009827
183.293835620639982
174.622496738204831
180.606178546568088
176.434785376514128
189.570233915988979
174.175959084620672
193.840408356520300
184.361965915049893
192.476841918204855
181.563043587626368
181.691778115335723
183.870156870583855
184.223963136279792
189.173861105535480
177.415160758691599
187.008422718218839
182.939278741788598
180.037570997284348
183.956846276053881
168.496168771548895
171.280974614974156
174.465380933017173
168.573372488773828
158.839665572700511
168.601644637913182
172.424465104956312
174.269722358893830
171.395608921791649
170.549112541458925
168.273352384325136
169.029150639695615
161.406852764880284
158.736071808363960
170.985912734399278
168.487106240905689
169.037915300197426
169.282472226011890
161.638193511196704
167.784388204798461
164.958901199067071
149.891737872427939
171.115078060012706
163.851155162945048
167.100151746473045
168.689394322717618
154.755691949273796
167.554383891391979
164.973322681575070
156.652667731652059
169.752077788540589
153.666652994945935
162.895704675974542
166.845738866421840
148.301322781489063
166.391424968492487
166.180286173554180
162.113781080803534
166.759767122410722
154.452863165062638
153.469286161188904
165.047194563815765
154.652699842721972
165.957501308163614
164.914754712773572
163.143114903371753
167.110604077915923
156.483530613274638
154.684981014095939
163.233048388105715
161.999590405488959
163.077108551254241
161.367992443629163
164.469162171731853
164.846759171576082
159.493667325959763
155.225513687293557
159.818890720523882
163.982898314278629
159.575942515458308
159.314500144197638
165.176564951204057
162.468889728172172
160.154803781084354
157.749170460121036
154.834939049647147
162.235677124997153
158.403521297751098
159.765922977994109
163.720467425172558
159.710383685006491
161.408629785598777
158.124978040638240
144.744527530163168
163.903309104866196
155.775955657932059
152.118126793262121
164.458762484765714
152.928765751040260
160.169258788403653
160.949423767822623
150.258607647835390
165.354143180112260
156.440901989978329
154.652438550101351
163.710794948462961
147.709042717961211
160.707798020870655
159.727039902513496
154.095162127210557
162.908117903369202
154.535994533513900
152.305985714352289
161.631505495756898
141.409768352206726
156.977223634073113
157.667440882890332
154.253095612977631
163.512583635032968
156.848734997334702
151.288587702697129
158.129900757179570
154.407310672357482
155.486018664599499
157.913953252006792
160.079693983939592
160.448491864141545
156.767752786789544
155.680903778957088
156.979462672031843
153.483940102387123
150.750507996446231
156.932774795037290
159.072970486391966
158.675265663527796
157.508850239465033
158.846583512398269
152.951466523702010
157.970808304833128
151.359657453556395
153.572697482884791
160.974692361196730
155.553276505973656
154.805639008057938
157.954321302582002
138.856783296480614
160.735346992873332
149.422414783774514
144.265829404742135
160.276369779091112
154.506049079990191
155.500909858128580
157.258034696640124
142.620552132060340
161.078405340570043
156.322573457336205
151.593219634517368
158.119226825670580
144.570796335672867
154.573685397101144
157.505700031120227
146.859512882068259
158.586498250861752
152.570836014746533
151.171968726602273
159.460370659941958
136.252545793344780
152.729906803885143
155.268640177790161
152.559467753614712
159.684659491115866
155.534665056365611
154.723420207754657
157.031165396906886
151.321747586284175
152.735988385241029
154.922046434937357
155.176304328382344
155.578786894455192
156.370528361702384
154.779003392374136
158.795972506643324
147.945930136915024
148.252282900048499
151.091302235166097
155.404778652020440
156.345232093685780
157.661937375862067
155.421998253268725
154.349833357160719
156.597848284379666
152.677952074351538
147.578607303589877
156.384822576126851
155.240483662305110
155.735004976733137
157.303855660331720
143.168928677808708
155.101895866857376
150.055331009497877
137.105834104148414
158.839065619574313
150.744632296609012
156.514201537443142
157.561715457291086
143.730119926693931
155.586408082700473
156.750006831714671
141.013445207252971
157.982764937575297
148.197983444980025
149.496768344646711
157.811309371478956
139.622212796074308
156.438800185833941
151.730645750842967
151.777702819779961
156.599140005929968
138.695290743249473
150.558017100379004
157.412976426162032
148.662408654005219
157.640325204904713
153.741255590973481
152.913582435164898
158.113877731617066
147.208713378847762
142.263523262285560
152.155591334698926
151.613169267496147
154.972475463481203
155.080154431834387
153.691443702079397
153.256047646939948
150.893679753941711
147.836054844631832
154.291787208726078
151.146448507352744
154.291504506129030
151.887013226364729
157.630760467990029
151.868654580851626
148.532557789065208
150.702639568219467
152.058652414462955
152.252104547016302
149.778054542353857
154.268951448430073
158.184987815893720
151.688627177706110
156.440609330525888
152.128236179780913
138.454962276009780
153.856010980841972
152.421262164243814
155.227910874761420
160.156411068104546
142.723485604921763
154.916358700558305
154.079795375117442
148.907586657051382
158.095160637605346
136.210228531498871
151.420653432783467
158.334958304878995
138.209369048933183
155.334728254695193
152.329310422252973
152.004954242909179
153.755463200256713
132.138684553193031
149.558575564830647
153.716344823307367
149.076590921598068
151.701612585414267
152.801288348241002
154.378362471792769
155.048289778220692
145.635843668114887
145.082306231751062
154.729594748888047
147.502915616285094
145.980674399949123
147.777986291041799
152.868917404125341
157.954327474084607
144.376322550133295
149.922063957453076
147.040249898198653
150.897697142362802
136.209737888333336
154.432041336609444
151.167358105997550
155.839039655020485
153.026155221715300
148.600412050832205
151.842961027107833
149.185583392739545
147.967069066424500
149.676885332264220
155.106500295317488
149.185888206084741
153.851547858390632
151.833825982135096
144.108800358131020
156.028904623514876
133.281958670875980
151.084247551080153
154.442647244214811
152.814040412063122
153.278920437268226
153.689692352205668
137.503536993845955
153.000492432003796
146.418655715687578
137.914070481711690
152.608928241555816
147.705369409150961
149.185639822200983
154.059616938599561
145.279271586081649
152.879454153821598
148.014065207197689
149.585729243140861
153.165716846387880
141.821896877098482
155.322470110384245
153.236425023820459
145.014050083699772
156.691756782967616
152.824133531900628
151.460379741776137
155.419740577989330
145.415149469236326
152.945508889561154
152.397695077863062
150.147606227341441
153.834992638324934
144.217442711677677
144.804177219331763
152.939987606398319
145.291518320062750
145.931188083962354
148.518798932619120
154.199873874159948
151.969896557076623
149.158655921833031
150.248945492687710
141.843667991523859
151.790774670963771
141.772665753469624
145.336835582693453
155.733433203540386
152.955593279629937
152.856458933669018
154.772739491522316
145.521335949608158
153.044288041864036
146.198982700359323
147.859109373673988
151.414177415974251
148.503811305346829
152.098693469889355
155.019578049357619
137.722576500396599
156.326006465397938
147.528788316774438
150.642166474366633
154.650371820345242
139.637249507067281
148.427237972368943
152.879300085838793
146.885145975839578
155.116136095550928
153.598079756270891
145.103476749705521
156.737533487227438
137.271586833516778
145.629751997511619
152.539584582491131
145.448416005286674
153.557256667655622
153.673691095033689
148.258816843726038
153.267735496982993
149.078304533782898
145.584855757912464
153.648739995906880
153.519178819657725
150.422704696143569
152.166604528146195
155.540581239726549
148.168974499955567
150.972564759459630
