151.990007690323495
156.402551691042760
144.722514762300875
154.773151533653163
152.273624955129890
151.984683950447675
156.143297198254913
143.141614737692407
148.464409987964416
146.893646574610386
151.351463474732498
148.500395906177715
153.535850242393479
154.201783177452995
144.813798192856666
154.899143264095699
154.390115890480615
153.629858367341654
156.822496291655341
144.399151075070392
140.877257698855658
144.300845145666244
153.390306070767735
152.498397981868294
154.521005012838799
153.180534146867814
142.973134049587372
153.438581846202425
157.179507513270551
156.682240319136724
152.760980860554270
135.833503481319354
149.581650812117289
150.125744806081002
153.923676459357523
145.015616602421801
145.109295255934938
153.025693320700327
132.504689800833603
150.031921869592310
153.665039517106550
156.815500396068643
153.840810619568060
153.511011709088393
155.590783531248547
152.953809122558027
159.105771866297545
143.929133292432709
141.907108796546169
134.076704353520626
142.805416363478230
151.295665525009667
153.773076252900381
154.038173672445339
149.921326833196133
151.604475993676914
153.366618584732720
158.214352594109840
154.791748119504263
153.292717195662107
148.674575796201026
148.926051936519428
154.097357467894085
132.747902824195080
148.405635054578880
155.918031145581722
144.580696662946536
145.710843289212619
153.971134030378920
155.639567312786056
156.006922327719849
151.010552168050992
152.193770597783100
152.536978941956761
157.204886815704384
141.881573205994272
138.883647481349669
150.769466172351940
149.635455311081017
149.769944719479014
150.242250501423769
156.304522053281175
149.697792137933192
153.645736528206129
150.840729894892462
155.046687154713197
157.149801123736438
149.482842714465789
149.545093148763556
142.759001527657063
154.056742246810387
147.160368966250161
136.248703056008111
152.414968653754158
148.319902428178352
150.771446247514376
156.140301387595031
158.009247794622951
158.639321966632451
153.107225054769060
149.852855305217332
151.780578889078754
155.176757556191603
146.949557748429015
148.801932128128612
151.338266106948936
142.349967836643089
146.679284011355634
155.416353963930248
158.040114497448144
153.505061330219405
152.471367619906601
157.841338801623465
154.819001172781270
159.178785604989230
149.726479208582958
147.402020360201959
144.277636526790872
155.606108221542712
148.838618464789874
153.408465513372903
155.117152523004421
150.209919356826674
151.188111230770915
152.343510052329577
158.744848778529615
157.654970643367676
157.929740523668897
154.758665407020004
135.596267897840107
154.841089700563629
151.579206139538428
152.707366370721417
152.828259126543855
150.539854512368521
145.651428080365150
146.783254056595297
154.701518632201100
153.777668102677922
152.326586778218569
156.749578147722048
154.766716497702447
157.504844997301120
155.590706810796149
153.935318836922420
149.980458178352706
147.742342191357011
145.572120857758705
136.233766771969385
158.543193665374218
152.507395126028257
153.146324474471214
155.109582962707549
156.626614855382826
160.367374744714681
157.479299708572057
152.853187066190969
150.343114521226482
155.073299585799987
154.076809251364864
147.896484384515020
153.949297799285745
149.982150278887957
143.702668792290012
144.278865782806378
153.544299466803295
159.474206182413639
152.533452650777150
155.201362700031694
146.207337937088056
158.033497430371824
154.984064433220652
155.487139935684098
151.935639220319700
147.562680471660713
144.889946728639330
144.221782770024305
159.061709772524921
156.611243818257890
148.532979079140517
153.740863060218828
152.498542481418326
159.591958617845762
156.732630317928653
156.791390795199106
146.742903919425743
155.287883113486771
152.553489818774835
151.731815148769641
156.552322171386834
150.867916132560964
151.106933831841303
156.683500311560067
156.869423647282701
157.527170422524051
158.633899291161271
158.647193440670520
127.607680264917178
158.311511491640488
155.893878868704377
156.459069052976389
156.025225427312847
151.117647745163538
129.459531244294766
145.971321206888376
154.740916063962231
153.772950269338764
159.334789129189033
158.425420509244901
146.310854887854930
158.115033595065228
160.085121661801537
160.376196779776279
155.751183759061661
147.837412378589477
154.203339837541961
153.413669374694393
158.319946132960524
149.214531232875601
154.002520400485224
155.072250707119508
153.513977061111603
158.359272926784001
158.834846973553482
161.256295779903098
155.862220912600151
160.061099791863597
155.893918627162094
157.710376271903272
157.651344679284421
131.318724960995922
145.500756499784359
149.179541082650530
158.634378863735151
155.938564749428878
157.095219224953979
160.654011239016057
147.847720133428538
157.671688906159034
158.163732588447914
159.334572400591810
157.706534786823624
152.248718112914048
154.648555501278963
150.592420720901316
160.444450084610082
146.307439293754300
155.934045004201437
158.423096911643313
149.823931328596473
157.912800595814076
160.458984941663800
162.958677791822936
158.486927675015806
159.645537043293217
154.447652633641212
157.873498414670394
160.882738110656817
146.722910534266333
149.119989038096492
156.049775377773983
155.855148035627025
156.015617289528763
159.882150436861707
161.794831979775836
158.910092141995818
160.132892255870502
158.478174859903277
161.849353584494452
160.878098877825863
157.670868704682960
146.714747293870090
149.127440552213443
160.569720605148490
151.322688538823002
153.731418047664505
159.272685871692431
151.830961532379916
160.220129610998072
161.288484483854631
164.253962421969362
163.674020559283491
161.455663603129551
158.182374250477238
156.635516273917233
163.371764074249143
153.302983189416466
142.829725197444731
157.849593858757743
155.790597316420673
153.929712688077814
159.397995428177751
163.915322855663362
161.590763465454899
160.343732363776894
161.669374787767708
161.169929268024305
165.651777275949286
160.518380889874095
154.740764178761452
154.511490705618996
162.635567183527911
148.257718436044797
157.891078169410065
163.989754923631892
158.816074579323697
163.022777401895780
161.632171022395966
164.896939165815979
166.745141784519888
161.714172736372518
159.778135346217908
155.429369773616287
166.552473710370492
155.404231802158534
149.710538418360073
161.290428813460693
156.968066196227767
154.288004317237693
160.501626044428320
165.732969736940561
164.882835112938977
163.318555396614954
163.270119889429566
162.477531647717854
168.618172708258527
161.792851616191882
158.859812662010597
158.334885186686506
163.041772954336778
149.536057642790240
157.663960439649571
167.749004551991561
163.371115638511839
163.332541123228481
163.756957671425369
165.594452624359718
170.138378180835446
165.613796091649732
164.136135235494550
152.346854954601326
169.172902443647388
163.434936317986825
160.852060257511596
167.224085234078217
160.922796795908766
158.238214921754093
161.749968545859872
169.317870478575941
171.492584383397855
168.832448906217252
167.464993010262504
161.911967189001530
173.274582329577242
169.673086443449506
165.066308692945285
165.204101335583289
169.091123997048072
163.613907755611592
165.313185302704824
171.322421351305763
172.661902657119697
170.090400717166091
166.768893495866990
166.030146769125679
176.714583705562177
174.339641888737873
171.712915457211864
166.811855212044520
174.344181285639223
170.996167499212646
167.628194058674069
173.708787540333446
174.938468113336569
177.721451600384853
173.787539361050818
186.431645306441283
187.286525447612917
191.048463979362396
188.179254237239917
191.795265412989721
183.375493474651705
186.249595715158335
188.225534119281861
184.922162283150726
187.312214595872604
187.377775512311217
184.074052742818139
178.614053006043036
173.955446160836232
184.216168633686522
184.610752512501932
182.333602763342640
184.399057028587777
186.957701793338174
177.048810957057839
185.611890886044506
187.601676086693431
185.890904632270491
185.539338043188422
190.470176391921314
185.629626893113056
185.937665246347308
187.539413123160415
185.644292664514836
177.060045564632418
186.940641272039443
184.499430083610548
182.272210996893250
184.558243650485394
184.220766504201947
173.684865730020903
178.483598511237915
184.159997620169804
187.395176603700946
187.316866836709693
184.900593809919656
188.208320998767647
186.304522724083739
183.257598698931048
191.805081243183849
188.158509998186929
191.046693813521244
187.360447538471135
186.331243419614310
174.259405935106372
177.804463734820729
174.765198151459060
173.464391254522127
167.828779587228439
170.452867596203475
175.143103126014751
166.730341470704843
171.930360524045284
174.225991906025854
176.964709415546935
166.494802804085168
167.401614563864484
170.395658774526709
172.089474764599117
171.445236277478386
158.782174716726985
150.953583282086157
167.560084066128098
165.704504266884811
165.223175539177618
169.701237571299430
172.878343939098357
160.119514933747240
168.039216594968934
168.581217807413879
171.060497653593814
168.136311088144623
162.820348201325487
162.008688708876576
161.692859029178521
167.313266449483280
158.491753631783723
162.850568219116610
170.054267983299269
154.310762029663380
164.792493052467279
166.732845616839313
170.661901660878925
165.991081789311750
165.632453977242761
162.848461183717689
163.900392935067060
167.643565182758863
156.088204295876807
152.847031579143788
164.363500291274590
160.938887771496525
157.746543972845416
162.871412152256909
168.242035802115453
162.608918761917465
164.478213108541581
163.175362038686700
165.977692916143155
166.417641258034791
160.680699878808213
151.805550532977861
156.498371679549052
161.653553450513527
149.252686981933522
158.708843326838235
166.334928455552784
156.066122762284067
158.928034274755419
163.142832218906364
166.569169614154163
165.055451658922692
160.411627807198670
160.811411723830702
159.535805495941020
164.636405043781735
155.811490267162412
142.215137157479234
161.525880774512530
154.311153498623355
153.440146680241412
159.123041787558861
165.088727473956112
161.813676709563509
160.200384280194186
162.048204830481438
160.266275581751785
164.315531522872732
161.660695105279189
152.391716803467546
156.489609529908790
158.502394232210577
146.328502621744178
149.377894752446480
163.778418411978407
156.430411753185695
158.103869056793599
160.116857619510967
163.346652684948992
163.763435255244758
160.137978355956989
157.863887224834315
151.190655812130416
162.210836058662665
155.126083399722120
153.613742438592197
159.351311299547291
149.066916739740350
149.771688785207857
151.015887820575699
162.315057160026470
161.252159153445717
159.032231172188602
159.330067137469882
157.721849896850244
161.711933539758917
159.578728221950826
155.378085978120708
155.588344468457677
155.520925142733091
146.871312455919337
148.826802287641129
161.464088292117395
157.404368536585196
157.775996592347639
157.545109421256484
159.177975539558190
163.544310053619711
160.110141761287423
158.424619197314740
145.182839610071710
159.453861341733699
155.322769998888504
150.118706420846053
160.184806368397147
151.672652118769662
152.028230358795383
156.309363721053558
158.058562361560121
159.900988306188168
160.136971280448080
159.657846838772144
148.223845211247635
158.983285820509195
160.692800690744548
156.741582048864132
156.146636597028646
152.003945294160303
140.557019900791119
148.326002370563970
155.260208332248538
157.185102274494341
157.363513931210520
157.680933921821463
147.782599094470555
161.765412274993167
159.161876678008383
157.002301013046122
150.932626062148529
157.293278045125675
146.980310140443294
153.567577894043325
157.615740523416434
150.181628427169898
149.922524781071843
153.982642977151897
153.360676735816611
160.462331943029938
160.483652982744218
159.370577296310614
150.326001520572902
156.356514311782433
155.183171129927530
154.946197564870289
158.698944493307152
146.478977616750853
143.530206728824311
147.640731540582010
156.754933072654524
155.676523833328559
156.335450720285422
157.138529773175179
137.201141493911962
158.257078115797043
160.107153811146190
158.222037122105547
156.587315361165480
152.212137128172799
152.271946803440528
147.764039062929243
154.687122718353891
140.712532673709120
152.605190981419241
156.115419620772741
147.605793077437284
155.744564566534564
158.487277598144999
155.763015120707536
151.776983477852355
154.199138069218634
156.995521288282987
153.899090646392125
156.456026029107733
147.043399956742149
141.777009375097890
151.782683153297626
152.794862143386979
153.762061480854754
155.858188003353462
159.079149162056808
148.564770246618451
157.671247772219687
155.830591806247270
155.925557416422265
158.473269481491343
148.287233631775678
146.970314594034022
145.702173432001075
152.956784426804404
138.341815119215312
153.822273691597275
155.660285151684207
146.566292479036406
157.311650885322962
157.703164116461920
159.502147577283438
152.880581432533688
154.004798066046561
152.331145517181653
153.503941458650615
153.905025772343464
132.039010486977361
147.753758843228638
154.652118576172739
149.707486562067174
152.354720628834002
156.928058770533170
159.030448464474830
153.932046358126740
154.674511931534909
154.422920403079843
155.535070804230628
158.691150004036103
153.174444918150868
147.356632681367444
149.018980326563963
153.496712379676239
150.874655052698529
155.276559534644093
157.727449048124157
150.227849986114080
155.568088742780219
157.634620822312797
158.291909801980296
155.133293024897796
154.148686620334161
146.037032480658269
150.550869770771442
156.605112287752320
147.164370762985328
146.862467667563209
155.218696566881903
140.806560432268355
152.895864200944629
152.302072228812392
159.092760688854725
152.191354455694466
151.630087116735666
144.352497593186683
156.888789492224277
156.131468309114496
153.231866555702425
151.282475406053038
136.365434506899248
152.137084068084789
143.550742435301117
152.189702876830239
156.482712849358620
147.243650289616994
156.002509101978376
155.770489263067873
156.747652548002520
155.688600473446172
155.611188199209153
149.647875335764752
142.004261919752878
155.031884327446249
148.942879383730087
146.895443844072787
156.388492405084833
149.401579544345168
150.110943609822897
152.420505242559386
150.822707206123937
154.856367722253538
151.145577674300938
154.597829868806429
149.928504610580461
154.254650991657570
154.141591346917835
149.112596183280488
151.861589986581180
146.084212728098379
146.533620891195397
150.467344764694758
157.259704113402819
149.505787857462252
156.051885608307288
151.715162778759264
153.303778020650384
158.232989970904924
149.322435001670669
150.308512398860216
133.552990888368271
153.052907118506823
138.505544956151169
148.113213104158206
152.918434832024332
148.345927631759849
149.680870404887401
149.045867682074970
156.893760652585058
156.194753137286966
154.366446773752983
154.642207994037506
145.752092147112904
155.834717458133895
153.599017258379718
149.686007087403880
148.675406049705543
142.755638767106319
140.235507952290305
143.478458517052786
159.186315024710012
152.987418542662169
153.431472282315525
155.709571889195587
152.703140894105246
159.136269891566712
155.041362931209193
153.570633336980109
144.654970083938224
153.742557146956813
149.127951791239411
140.870966022992604
155.360721350247530
143.800360738753568
153.361007312936067
151.021308406839154
154.561327418590110
155.623698441658064
155.862320534465994
155.108151609149132
143.809540917541625
152.060876579353021
152.129073649283669
141.555895773092743
155.454102579929213
140.584764325696170
145.081688378590400
145.515348325667674
156.473419924058788
154.991845117688285
152.807896260645720
150.954653825486417
140.643862466540497
156.312178916249024
149.483511139165216
155.809442854501413
152.855404346563461
149.745971065986396
134.067770181323681
138.690116040427398
153.008887194295482
143.119906239945379
150.795717912191151
148.088415069916010
150.377343903105043
157.069274690816599
