152.310848075325623
141.106498714181015
146.797116670927977
152.738799880129903
155.348807012420423
149.996798572259706
141.532179730930096
150.615814955455448
148.701387414970668
138.189237557192683
152.904097107725107
140.436532816914109
146.955712019196625
140.017903560198619
152.378004074990116
142.464886403180628
145.638162312782583
148.227000330773876
149.663022932355688
145.785154177086667
150.614716507562946
150.862370398092963
146.625361507495256
148.201129514332251
149.498575047471604
152.225486405963153
132.673915072706109
148.279957952216108
152.670938015351368
154.469881051311148
151.527445368595750
149.213664489325538
149.845787370079535
147.234163151403209
151.667964923480866
142.737133346138990
145.475787523095818
149.958165135337140
149.377308931646922
145.057786400193976
149.472819620968266
146.578583894232565
149.287138887441699
133.317465931852865
150.985350022920386
152.876342667243364
132.031442737954194
146.034524054515742
154.324024958001729
147.616615159677991
149.584499669834599
149.965117687087258
154.711315793870710
152.570997569264478
142.064323484561754
152.187910347468318
154.121955438224859
135.730347424686897
152.453043409524838
154.196442454882344
131.112901341583608
138.129013936981494
151.556022715003138
143.678626838448622
145.311395090955017
146.276791218672230
146.488077619665603
149.832402052638230
143.206642556308140
153.621624661558229
140.069007290013190
148.698540563691353
150.952905143149053
151.935644354025357
141.133216355008642
151.002166132765609
153.300934970035456
150.823602257002051
149.136126156122799
149.248661888692709
155.191301288783535
151.834131844649136
154.497364280423426
152.291960459098618
151.771275267926399
145.855998620231247
151.052433990657676
139.505399675126512
148.110666220273515
154.388365334367649
151.630227143786755
145.557233717767531
140.934821773676362
151.556744194623519
150.228905341177835
149.073244173010607
150.036475130280508
151.416844951555220
139.964361093315915
150.494009958832862
156.196526312796379
151.067651259763409
152.224603320184684
151.828552575574690
152.934870636061135
149.793366406269286
153.436142411004710
154.289202512317985
150.233924333474789
145.281791573125645
154.822589461176875
154.172703462637287
140.480178768747322
143.729150034836294
153.783932585907905
148.296292215819619
141.523073170393019
151.870391716427463
147.766486632671871
146.811483700387015
148.206134496118381
154.177912163790126
130.604997983971714
149.136883429630927
151.397762873170478
153.362211169899354
151.726931670708751
154.442293480725994
148.627863005809132
148.699843699388964
153.026865309729601
152.273493343609942
152.087129169331064
150.157449591494554
152.594494624510759
152.671016969630870
152.581300698583135
145.890745367655228
153.855442670800869
134.606802563145635
137.763652356773576
133.816030698126298
150.045801490105049
144.797150579097661
148.719250646301333
155.338286615878388
141.820200256885698
145.219117402801942
155.405201085252457
155.596946791692147
149.837743465963712
149.979942619324106
156.726570878696293
153.389883190399075
151.948593231923553
151.172774924648223
157.401393001535467
151.272188960288616
155.112833583419871
154.002379392424132
148.239778657219546
152.217132015175366
153.867360468994917
150.876064560520973
149.487202958290254
150.153989370846915
151.576339425758107
148.050681159457753
143.272613945062744
153.714352670122963
148.754924007992088
148.756607780497660
149.777623448037389
149.811165753155450
146.411398023200803
151.206866230873914
156.551171269968791
154.683802625876410
156.397967028756739
154.712871924155252
157.341035517173623
133.363484740189506
156.959294479786649
154.739755015613724
155.384629388197908
148.990426654330349
152.866866641044453
158.172967903191022
151.133563916262091
148.486254112540422
156.328223357011922
142.660680542399575
143.273300989825543
157.800624817594468
149.663187552863775
144.909791063333017
142.736951570868172
157.782025503794301
151.336817138549662
150.606309438268738
154.547049678712625
155.871384467043498
155.826147996654612
148.742665293432765
155.569833268693003
141.402468076563991
156.649391035645181
156.891080563496985
155.386476366030138
138.770420358372490
155.784726459814010
150.935098430199901
150.127498561826116
153.435009365593828
154.240937336430136
146.742562641194837
143.266509149348281
154.584866713732907
148.539796895787276
147.067497879371047
141.952993125870876
156.786419633675479
143.024711931403743
151.291708808693272
152.297298834601122
151.769607714214175
155.083277650062001
155.282885286245715
156.464064974461991
145.287298517566853
156.428775564808632
156.399093776086517
156.559784199382023
140.316762445124198
155.298600434090048
157.642072552075064
155.815146123891992
155.629080741281143
153.413079203400628
155.958057019335826
147.958298980994954
158.915715026291736
153.026467133368527
144.153037311523263
149.737246436430183
156.796201420090028
142.459617182435665
149.918492165111132
156.223891842330289
149.422457032274707
154.105688560781971
151.706516985004612
159.165251660562632
143.798495496114100
152.944809923085018
156.236370312049189
161.577185767461856
149.192600023123077
158.836544070596574
159.024276376701835
158.253292717732933
152.808323866144008
158.206512412574995
158.502626655094730
155.284266634096866
158.927746957211667
154.586205407354129
153.473055368591019
147.045848588958563
158.925120520436110
146.959789802963513
146.786849757116272
153.134075138400163
156.515273680041616
149.912529905795111
155.661400556656730
160.497165263246160
151.930458871782406
155.031313872364279
159.501496699575114
160.446022692401925
152.874445736452486
156.265623699500679
160.052148722469241
159.209485391302962
159.438338865434758
159.885190880769301
159.629583484493736
150.866543539526276
161.917621035643123
155.852883149855131
148.430056338993893
147.468039611363906
161.849917934080565
149.806809344397919
146.423832095416685
154.027309143129941
157.805634735824555
148.153026080057714
153.709113176889161
162.277067805344473
155.115449393586175
154.296320089552580
159.305701856657208
162.907125105301986
154.898160049527945
160.564781689674845
162.720177111052124
161.867246736678851
160.426325024072185
162.225573813991957
162.535634155775284
157.131916059050013
164.790294866100595
160.858367116720842
158.327944489532968
144.021074194550863
163.618603897399396
158.220398459533669
153.428885153008110
158.008973416904951
162.767636862498819
147.961210435636048
147.998618383289113
161.369507332568048
159.568703318349975
155.466991823906113
158.458884477956389
163.301222798356747
157.043911562757643
160.703660269395243
163.788944561950558
164.757522196578066
163.869573965806524
163.246697262480154
164.254878387752967
160.709939894948093
166.907443270408010
163.947866267631383
162.365173104711261
155.076136282374762
167.770356944046767
163.077416153703922
154.495359544562831
159.948037317667627
166.070855602710054
151.678573871651565
153.541629277649434
165.456608739463917
161.628563125355242
140.445834744229018
161.128190982539536
169.724723486600794
161.779940777715240
162.752201318261825
166.797022665188138
169.349167242610548
168.988531169495815
171.013015405789076
160.090866316352589
163.072400110059760
171.066131749890758
168.889073990538037
166.061641200097370
160.296798635010191
173.357566682283675
170.938648728578414
160.424092114792188
170.665378907683930
172.098327187457301
167.798889945892086
164.882380152583551
177.207616845150483
157.495522923963193
165.401609337551463
173.181902935801332
184.899646774698851
175.319218901061447
186.423369604191265
173.538403173088369
190.326389885320111
184.661404750953011
192.265295565543624
184.482127911983923
184.397272641174538
179.379466136700245
184.804722559951301
185.467079379848911
185.611017644830952
189.559027659400215
175.576935099027622
190.370723086237518
178.551109735704784
188.150944058021679
188.801002878978153
184.042139348202198
190.754966922471738
186.022970439167636
181.799482997906978
188.037292403163548
178.788767373380296
188.083346917201908
181.886277804179031
185.962207708072327
190.763371283085661
184.079538110055410
188.891487887806704
188.282544958272013
178.681211764148060
190.356919096915988
176.108158922329551
189.496868407895590
185.573678658019361
185.424970540721546
184.850921743214684
179.478401221667866
184.243707132671346
184.509475763228636
192.322728906092777
184.635487080572034
190.374264230516815
173.287869592251980
186.466837816702622
175.124894189958439
184.869212081694798
172.933135814098989
166.565092336792048
157.598075151908745
177.029121690509072
165.052510104661707
168.089987260559781
172.414157916624958
170.832132762503335
160.902792900874658
171.202950116246541
173.203723585414082
160.572990199326796
167.644607357176824
170.241716122983576
172.129054088826621
165.992726549252296
167.646359390643937
167.340601691943846
168.655010998256500
168.837358631189005
166.607745586655909
164.349895744920843
161.939927661446319
168.973006410817561
163.062830820794346
152.786748947254637
160.962781870849028
167.157982326870979
152.721573163605029
155.445693809475273
165.011451563876619
161.274927246083905
156.259431479480156
162.779279722036421
166.671789753089570
157.118994196671707
161.781476627876827
164.292644240174724
167.511504214557988
160.778987245460144
163.687732076985128
164.336060861903547
163.669644902260842
164.791291217535729
164.427877477380122
159.708878644640436
159.440189294600629
164.908447241374574
161.033637280802054
154.308383909056147
155.530766037656633
162.347048889513587
154.471566551934529
143.105377778872423
163.280965577765329
158.831442375034783
152.499065430289818
157.179641034833395
163.529664802745401
150.077927019056261
158.820229192059656
162.610672439906978
164.171577705936073
158.994340552318874
162.869671708113771
163.229223529832041
159.402229117189819
162.918639682124024
161.066737038718031
160.071876780098535
156.064478241061863
163.128204132397315
159.614947550401951
155.204963868558139
151.297161196808048
162.377102887893273
154.751000105476635
143.305772600344142
157.634315659064953
160.335306935028882
148.639229414298740
147.973687088197835
158.550178794534247
148.093006172742008
149.956475370808818
154.897085049188632
159.926034197060346
152.728629250847803
159.012965242807297
157.269923166396978
158.079390475909122
161.359391091048820
159.827555706295158
158.858676485923581
151.179791965076419
161.409984929139483
159.410339871547762
157.491634302143552
149.168176176330348
156.531442293924357
156.398242713927630
148.331854841478645
155.732704584614254
155.838834332219221
148.537381046139927
147.158160297484216
159.527225968690914
142.814013299783312
152.142546519751676
157.465818052855894
159.073242541914482
146.862794811867701
156.198381471218454
158.658546069838707
153.019948185211206
158.340757937171219
157.000876164364570
159.498298412935696
152.957835683575837
159.791672600950960
158.155502960682696
157.117587661798893
147.197148748226454
158.966461366925358
154.745364701647532
148.801023075355772
155.828022542165144
155.979562601654663
143.124342566330284
143.027439921630560
156.536331375083279
146.009997733864338
134.094003035789598
150.767348660663117
159.139769150554628
148.096183999101953
157.408913062724622
157.426024221263788
153.454248275149695
154.769762610358185
158.103341585073480
157.774329134751497
148.603938376825596
156.270987484386353
153.667996932484584
156.476309947322676
143.807231583084928
157.899678347322833
156.597267916766668
154.290954984563541
151.929759612984128
156.839006387513194
149.250156584260651
136.916916929237942
156.367654828342523
149.733860441066582
143.563624157316866
143.862970214179484
155.588569341565631
143.662276583293675
154.054249410023516
153.046264325812047
154.763117988019161
151.694282234037814
153.317153990434292
154.815730355968014
147.112316903553022
156.268250408216318
157.129324560342155
155.401596681260287
150.645243307718061
157.595011436078238
154.745100346664742
154.925892901167344
150.959809395071403
154.694923082203559
151.648201403083277
150.981942960422003
153.618048473159263
140.234352434907493
139.290956075763887
153.670194363335753
155.433876043753770
145.125767237898657
142.000573416976522
154.878426775031414
153.417227288864467
144.475133489437781
155.995913503492915
155.350351973602017
142.231287814516776
155.178547780042521
154.283712443528373
157.715208967825845
150.844052381189726
157.310778993796873
155.208463840017828
157.139640517675161
149.994439108396989
153.206967037859812
152.508573640550964
149.721576553945908
156.328394966240324
155.391964344711425
148.828492972786364
144.692723723222514
156.106707291896242
141.146245721326437
138.968081398264133
149.720261301704511
153.493732815576067
145.605590400548863
150.254789654923087
156.229132547234514
146.230837580040770
150.098724044800804
155.748001990465269
154.666108353187838
137.588521042620357
155.633320947751315
153.141513407554783
156.658396976394783
155.365618097515068
150.790864442972804
152.866697675583254
155.113296022255980
152.042615879005410
150.703548273185703
154.995101862859855
152.295111210370663
155.110129208419039
153.026525549977578
138.958221780580516
153.147428620426695
151.469141906578500
135.910380093108699
148.326151181715261
151.697387858841097
143.533541254125822
147.788111120709800
153.518771290792245
156.298245882553857
148.035745392173339
154.759894231826195
154.221278027713538
154.076219249675319
151.042005504794645
153.871025651089809
146.425909873719860
151.897173020728701
156.949889266353352
153.013426964460052
146.793390367130343
148.450335340248728
151.003382867162230
151.013294588643589
144.522263049440198
144.117277519969576
151.797222246510188
142.401758168419803
143.789439239721673
154.121205376026921
151.683255792290225
148.451087473019641
147.458743092441608
156.361379622179697
127.125005692739592
149.808119316538409
152.032150485121861
151.954836782738340
148.534866472268448
156.694917147321917
152.890727501129561
148.060404596518254
153.221668793920543
155.570009610371869
152.501670526742373
144.352122117911676
152.999827139619555
150.694754145513144
141.933800630248754
140.030626195966789
156.746609066563451
142.559976631969107
135.921197202915749
149.606601933006516
151.135333809757157
146.740525950111362
146.052797051765253
150.675809862043025
142.938583999946331
150.345938012254436
151.501161960923355
151.996300959183031
151.666924511301602
149.982526037297134
153.807405796340447
149.530511124160000
153.706034108898905
155.353128499923002
151.333000021696364
148.871216751576810
155.355934948627578
149.651561684169792
148.826976718424248
145.938350540991792
155.266045378927316
147.730680678541717
134.624522832156686
153.163223792864756
146.328961411521448
141.902401235825891
144.934512719716366
154.562314273061190
146.991209686572404
148.063500971298907
151.179042212851840
152.654324682823869
145.404313922695252
148.522208737856687
152.083509935650028
144.252967784826012
150.159684482409631
151.780265847947675
154.732918940565924
143.654676417157390
151.658077403878877
152.109226309631993
148.626111661455724
147.865284646974800
152.957987979259372
153.237864619333806
139.850148310824181
152.928799712110191
152.232929759633862
148.557276826351597
144.855479802599120
154.177704169198478
148.640239805180300
141.750282336004261
151.809651727855851
151.510447350162110
138.884183373665621
151.554455411611542
152.777216311364981
149.519715626439108
150.107863263154115
154.087152991217778
150.853444122471558
143.494143156535500
155.818325087335438
153.475972906698132
155.839424089103005
143.779380276130098
146.102115220443267
149.057640335322901
150.649053681642073
149.788926478995222
155.493818311982466
147.425281897129366
143.058473411753255
151.798327829323171
150.265390568443365
149.774727228438451
148.039072846330953
156.673685792340223
128.473669895425587
149.472340366366467
153.721778320645285
149.936608002393797
151.962413666962050
149.238721173129534
151.870639463557609
146.067004389805732
153.967055523986744
