149.948414697868031
148.872809783819264
132.328294007480707
147.158051077869914
144.441280074156936
151.934098862565833
141.153740025092162
149.695619772341473
147.488654699154665
135.994109812341463
146.172883048998671
149.995729425006118
149.565344577767320
149.722634579324506
150.189063140634403
149.483622488235682
143.686383171600369
145.281600466629783
149.852061013522899
149.967031832142311
145.766143638921164
150.837560591630904
151.093009390008092
147.349860379985728
149.518089535442272
151.591477623084756
142.247151557732792
141.438004120498306
147.821293276929055
151.692989705654782
153.663035197489023
150.052447087253029
150.145054469005743
146.897260760537648
136.398552442565261
143.689417666857793
146.957864839818626
154.635529923957392
132.488854717227952
151.781574706119386
151.290874549917788
150.543273234074462
143.341240653547231
149.384807050394414
145.790638574463031
146.191880416645063
144.620140801277557
150.589696665624984
150.666313492175959
151.924501808957018
145.974264503711822
151.164289256091166
133.377870024331031
141.773273314541996
143.057451718027380
143.956534800261551
144.912645479535456
151.671537610889658
138.526279499585371
139.038503356116820
144.223541972405997
147.572713262368836
153.157318637376505
148.033632912533562
148.896243924034565
120.946710337549121
134.289429521172536
152.402881084603308
148.937646832787379
134.355535313917670
144.078588275192629
146.548506383330562
146.594174749285912
150.010701167489003
146.159926573016065
150.613129469807006
144.065277334057669
152.100492003981003
140.243810058841632
148.534300892878861
149.773620090168833
141.806001681868196
149.967175049695925
150.508280784812484
149.467283486392404
150.245482785785669
150.866660986002955
151.999871018880640
146.929997232037891
150.196187541781796
139.488115473702095
145.083110510972773
140.014220530613954
142.061654358981428
145.827632529999221
145.217968674993131
151.814528327681472
144.455160571856169
152.567532151571044
148.219181864260094
137.414148206242260
147.564849624601322
136.610623521097153
150.783635856327550
148.625615077200735
146.637951633871239
144.976736610910450
150.350309836878409
148.755334618595072
149.064220316847752
150.235399827185887
144.826114823208172
142.816055745041467
153.507281169458906
148.461923722305585
144.246846286624702
151.208245339141399
149.394041563635824
149.662946070516796
147.143535016678442
149.680564879738000
143.728280417118100
143.957865051330401
148.143729135165188
150.092958744048474
150.873149228751828
142.444797053637473
148.269557481829139
150.279757493313809
141.423141388132706
152.912724197966611
146.737044994630850
151.060507110860726
152.778454703848723
147.651464772424930
149.580338044623915
152.175911806528774
140.132155593985573
150.549643285094362
138.551143213896353
151.126097372867861
151.682556587814531
148.245223632536238
136.563223860127266
149.294163376557293
143.073407703899079
152.989123623177335
150.130458979998167
150.301284391271480
145.630465164875233
147.861110448399842
140.967186734386019
155.056727003487026
148.499815476951994
145.335726185295698
150.119966878602469
148.519458572135989
143.253462391216772
150.917349742767584
151.090992974337837
149.879159595307641
149.296614554662483
148.952333395145530
139.793812938060540
151.552731586459089
147.617259409591071
148.329513082471095
148.383573461770794
152.390543656878236
150.967544408185745
152.621994707667483
149.595112894931532
150.683275363403311
151.674880241091671
152.986322973852253
142.457968468351737
151.305631184182261
148.285515959869798
151.851608205066157
142.062025819071437
141.669955390033124
147.749593292335703
146.915408731811368
152.944530997379246
145.721171338882669
144.196198539806119
151.796478542990940
141.657857237934621
152.025668332762734
147.528207097107298
153.728092896957406
150.868742512897654
151.464312939078553
137.382489036060377
152.384986100097791
142.628272837985492
144.895801024400555
141.131774541090749
149.797715876833820
151.749327592412584
155.783461660323468
148.287993523382312
155.998888563380063
152.580094581114565
150.094442905977161
145.536527690714507
154.089955158545195
146.597808440112971
152.947117265394695
147.723432318137839
153.949331292515581
148.003189325649515
154.925395938514470
145.660334636835785
151.281421642818515
149.999335634691505
148.458293861255271
141.827105274230064
154.127850675258060
152.700096708124590
150.766535821685352
147.083553492358618
154.556928720011541
152.729017324969163
145.815621650999844
139.372682669645712
155.516660249935285
150.069298058884726
149.542464009442114
139.505027660313232
154.518924861701919
146.480605012598602
153.495719056645100
137.378560466290082
151.847295104870255
152.943077759393589
151.804790984440785
144.898347472083572
153.092602249486248
153.284747946155818
151.881135761939589
146.152345185706992
155.246444898973465
155.823856636022470
157.254891011849566
145.120136826657046
153.945849593373111
148.630813014525614
153.155855425616096
149.843803400605623
154.537042005456101
151.779138547530266
151.694014512789892
148.023007984007279
156.460083891842174
151.361808917028441
153.717214924448029
147.589484064523845
155.008714276092547
157.121509820160725
150.340486470862061
143.304687502878636
151.261583009444308
157.602420162871596
152.343601424559893
151.528261166402729
153.412819354225945
149.698041573755660
156.247582119588031
143.073094280357623
154.556594170719052
153.942031219897132
154.595696592104986
148.273026316694967
155.814353069485719
152.018841777346410
148.029800615339695
150.409052039016132
155.608003028359605
152.030060339793181
155.252806541666928
151.468841558061143
158.203895054837517
155.452420367620846
151.429340272504760
149.027588739853570
152.321733112929792
156.976838060672122
156.358406274785523
149.724662420557138
154.595375989165774
156.818808988060766
153.166548304944257
154.632980607369348
157.268827316257187
157.525707494027330
155.989678796259199
153.524920867511526
157.076340717131245
153.453646763829340
156.820686681710356
155.468922866100030
158.443387423736937
158.187871689119447
158.328726501714584
153.397170465492565
155.182723808174245
159.857346619504852
153.713048922418466
153.454100362392410
158.926497437265681
157.993994522050940
152.153538745953909
155.471434139679673
157.139385978342659
159.210360182335961
156.829805882893083
157.078794327006875
157.303913556870384
159.417504580229377
156.549089172943894
157.066654351705523
159.226506911820763
156.366720726828504
156.879441939057727
158.792143114529523
159.809945935953095
159.654220707450150
158.691680828110293
161.554985800426579
156.146608354083099
160.644738961651512
158.714326072876673
159.484296477436175
157.888192209620172
162.417863514706710
160.068770397925249
160.171244174660927
159.305711036581926
162.910831548131057
158.968257548714632
162.150900488938845
160.812537042400947
162.672533931195431
160.205113973612782
163.099965004675823
162.294898402846997
161.972430891933953
161.051896779496957
164.005692997109520
163.550531328455406
164.356871106137987
161.435579107732138
166.102593406443134
163.598799892562425
163.817925909565247
164.580895357732430
167.555588334799381
168.103009441820689
172.335399170971471
158.245322952454160
167.038505282878020
165.952394215208074
168.992722756603115
164.736502804963948
170.384521062785609
166.235470177113200
167.302698749062642
166.794186099168229
173.636853428986882
171.335155154198191
172.197473902594851
171.565971132937705
175.136539278753560
177.680895834455498
179.219810430886241
181.030180718977476
180.363209391598161
175.777164329771438
188.815053805673870
174.909631842606075
193.959869953657773
182.779888420514908
192.451724957452399
182.199469825248030
180.866297958092701
174.649773461913895
186.995504666807733
188.112004038627560
183.205064647994504
191.360346290703689
186.024361482053223
188.768639221339384
185.368768088156457
175.258818066410981
173.427747023272019
184.280848773860242
185.045823326164964
188.598805364220823
184.815282736516025
189.314728754067261
184.700119787582622
188.700833833087586
185.098809317579168
184.169457712972218
173.078207259604397
174.922839938341241
185.369268832563364
188.749390543930588
185.983965174465567
191.350535501998991
183.166265695326416
188.134290073304385
187.036334941224993
174.531753759469808
180.892716272528418
182.148830216459089
192.486701019203792
182.795581302757057
194.040122356561227
174.895155072485096
188.785021538457897
175.767371001653146
180.395960341782768
181.148679797205318
179.242189552466442
177.713267202996917
175.103212410416262
171.312235820857154
171.854327975997137
171.556586406513844
173.790494540956729
166.486076967075633
166.604814732842726
165.511427284020016
171.193230900567130
164.262487054379221
168.019497506189566
165.829488889604249
168.490314576333276
162.825583392049509
166.462783708465452
164.752327021744065
166.627963655744821
163.866731764885060
164.523569331362637
162.923106036143224
166.366654929141220
160.616747953979655
164.768680042792539
163.608077086160336
164.167758585534500
161.405153262393782
163.129172753122361
160.713151956742621
162.511656759855072
160.380947034428971
163.451261424210713
161.543814981632607
161.446204018933315
157.937636729717667
161.134712062367072
159.459767179029910
162.508687031046833
160.358787054087884
162.296137683871365
159.684038607759248
159.134191906850333
159.104631736111571
160.933639751805259
158.861260927025427
160.321215935386647
158.742534761130514
160.306768310246127
158.962468193823639
157.948868248564850
157.671476282675627
159.276415731976641
158.735573797666063
157.630332856154695
156.128663295047659
159.821970690720974
157.052197146661314
157.779381337497085
154.863252479388962
158.557114502793240
158.378460815768221
152.187029860083982
156.236548580729220
158.409855001168751
158.179575485485287
155.278504424807267
155.403067569865641
157.564060833996137
154.918918667992727
157.417005807764468
156.099797276143647
158.173067539489693
155.755018122482085
154.276596957572337
155.464974865627084
157.202197621393566
155.107009460505708
155.094256306963160
152.900571283126055
155.919978173862461
155.325931590073168
153.052685614848798
155.662574228959699
156.594737739574327
157.388535516930006
150.985600042174156
153.464673677350476
155.640687111780210
153.914739293050474
147.159543384362337
151.066695426663557
158.412568474364633
154.877182552513972
150.320347872111398
154.890476501990349
154.753157054050632
156.968056582571251
150.244928377903307
153.930066573581485
155.269482233310953
158.057012999457186
152.110536297358749
152.254814051866617
153.643316203347268
155.283186709159878
138.034386026458407
152.062182078526718
148.400440332520589
152.583693951694016
153.169778219366606
153.140866019930854
153.465116692777201
154.076780361003387
151.512470357866789
154.526584789546320
154.023624648012373
156.059726025968899
146.779497834858432
153.232919613735277
145.926078411263148
153.484870207625903
148.903972354900134
156.519033773167251
153.079614778144219
154.827851231516604
133.870176796793658
154.186744106995008
149.685612663606008
153.849122549300318
149.012475368331479
154.503620570847289
150.966872441137923
151.159579469121581
140.502716168262509
151.781715723903233
153.246985565657809
155.509494188342103
151.074828030201218
152.937492676983169
147.805133311164724
147.292370303501656
139.309144334378118
146.381138484619242
151.809573890642014
156.943291186107786
135.870391029062489
149.946747215354804
150.819662585328501
157.121309193751188
144.173923829237339
151.687514954561038
151.255832351955291
153.560753905803210
141.030459901811327
154.558352566661114
145.502670724620032
151.483320465173335
127.840704860085580
154.980374950779407
153.990323909001177
152.712364841651691
147.806734273228074
154.325009461779217
149.372427056188201
153.133162512179638
149.810556079981751
152.462503276371734
149.990266123637070
151.729832174044105
141.141546630635503
154.178866642535127
148.824254169345778
155.348830130957822
148.182993294711423
154.675437235376222
151.934300174598661
151.666859764044460
144.806714590966095
151.823921610092583
143.434359732732418
151.433965849612008
148.741424343157234
152.651352053692960
145.346765889666500
154.702251854177092
142.272364005330559
152.725210650405756
144.442439902209856
151.449229940476897
140.146595200375373
144.528709092526412
153.758629530041418
141.055112836364771
145.539697507093933
146.949939282716969
144.591953568350704
151.231562990364012
141.594109231352860
153.018461037301591
146.342603128424457
151.830580311027745
137.304617995536944
146.111144992006928
150.705396605212570
152.831193426478535
148.995829374975898
153.544797520558404
152.651146426503573
145.415060435653658
145.702008309580890
153.172440555076605
151.945093318402002
152.958651840615289
143.877593427021424
143.260837723136092
145.396360247849543
148.114757488729595
151.338798091340038
145.275527802884255
149.182012690827207
149.615741059048617
150.058351762745758
154.898955106053904
145.573460543040738
148.668897774771608
146.417852255591811
152.288455801912789
149.792443831045318
154.491074861566943
146.539721321804961
146.047723070091450
143.862339279456194
152.078701086793046
150.772578585328688
152.729809788269819
149.721824604266857
137.592228951588908
149.997446211932186
151.277773442527405
149.938892176211255
123.593047278285383
147.033213826533284
148.190719608725800
149.149097142117114
145.313673561457080
145.467685610674891
150.598293801440263
146.427362481561516
153.112542444806195
146.712619182281401
152.792526576638977
147.248218496405514
148.895299009816767
152.444963400918738
150.684195883687664
143.800127347695053
146.267757024573569
142.378200286545905
146.650734893607137
138.028872808238589
145.181699025863026
138.715700556486212
144.736968063082770
139.642837448680979
144.181279787451928
144.474095964762483
147.091905037279076
148.508155854375673
143.011548291000963
148.791408100609971
148.650423866799542
153.448685379022805
145.582325831719032
154.446648366474221
146.853169628491969
147.353950640507492
149.901967117181044
148.079806111445578
152.602409377024031
144.156155156484999
141.252726537281859
139.877537173171930
146.786399543353127
150.397753425699278
148.685600167994551
154.165511044373915
148.024353221234605
147.566040802250257
152.247679864456302
149.691790108659603
145.521663988325770
151.150943243348308
141.867949291635256
148.581710209226543
152.399975476845640
143.867416480604390
141.551162534349203
147.118733546582263
136.762830925529585
133.719487457297134
145.010503207831249
151.628148292095915
150.643112770643711
146.145216860658081
140.884157817559185
143.848614827293801
146.501256928955286
152.113848281188808
137.613314319435574
151.081982350447646
145.460561092986211
154.355117778517354
148.820514494464135
141.150809119544391
151.708427143990036
151.851187246709344
141.780750175404847
144.291525054581086
151.182899276909183
134.181258102007575
137.356819927555932
145.425891553102190
143.596561140304829
138.660450001895327
145.869636144806918
149.027806065048509
144.517464113337667
146.150690458181316
149.130190975339730
151.948918561330913
146.936381472855004
145.301790505108983
151.970015706172433
153.961310365205975
145.845008216990209
150.235227955937148
149.116836329662618
151.482434079895995
141.442877643808771
149.346411497272584
132.082599661832802
151.978414166860489
140.258169176446359
150.794713531834986
145.040537597207702
153.736012190258322
142.905945286528038
139.161521396762510
125.837671480160637
151.991139504552109
147.616238712635322
150.240082547588088
142.421736818446220
127.095103936147439
147.430071653773751
149.307346603467806
146.282174098847946
148.892386555027201
147.544725389789392
152.208018890885086
144.899312647995600
143.432809456003383
146.098370687894317
150.904213746149594
144.204364907880887
153.353628210694467
148.292700510989846
149.624431166948796
132.475289707559995
152.710178346666908
151.276604589144370
151.340267692117862
146.187535766212193
149.264109131429706
