143.931695595946309
147.959362451724644
151.038727817533129
153.293631682629922
154.363097453964144
152.609013134390324
155.135807235995287
144.906912540469222
144.175534196034477
156.774625384303874
132.105424367150619
151.522024140121715
153.012783719737286
144.134344526657657
156.217482394813260
151.753049437325814
151.360636876345410
156.670076238278028
154.187724751958058
151.709960998309896
148.354579749777542
152.853542450778747
153.311498433239109
156.922867666192843
154.507385841254063
153.316383028833712
155.964527357890489
147.040549276178211
145.516739837496118
152.605177196957584
148.972041931857234
148.953890226525004
149.026793708351164
138.917124161425534
152.959942275514123
153.099400589938512
152.790088620381994
157.349173571005053
154.140079943995403
152.883146974684223
144.891161321469724
151.955268834320549
147.555956491248992
155.871852959042116
152.647949854680689
152.772566715092125
151.749272900314651
139.792493461344208
145.707710582064038
152.552759321575223
148.900524680900503
152.339538582598720
153.824793737187434
144.946881877856015
152.771961979455426
151.547143774250259
150.108205879184879
156.251735482705442
157.090858001959816
147.851033086292034
147.985421792878100
153.946245590354323
137.431984644670649
153.881205889435932
157.358837881167062
144.072655891370715
157.434753699507979
147.931334027887033
139.198983670993783
156.534890046190156
153.342921109131623
154.644226783441781
153.181958024481844
140.482068969372676
151.101287947057131
153.341578053160703
154.245157736240657
154.447869852888090
150.783252647503105
142.832670787743837
140.478913846738720
153.648424916771518
138.808958295798703
153.691754556088767
151.427412115563271
151.374579732146401
155.532613022925204
147.065961969611976
149.865738595428155
157.361198673096453
155.654963774455041
152.744038060416074
152.058560308777913
130.307520489177762
153.852921431124798
152.436893104067849
151.267008450898317
157.779630035206907
157.652547846656546
150.963063248370673
149.813893842076851
153.842800201150453
135.270919385850959
152.184039009122614
152.448489892973299
150.815310182396502
154.163595316542825
137.553456851159041
145.600736382785698
157.704522484331164
155.294781254701803
155.727350851793489
144.099025165258439
142.506209912081061
154.759670393366775
146.547659450639486
154.571157369033500
155.903597102577180
157.928624331578419
144.673335614321502
146.878576169846013
157.899901596500314
137.051655585428335
147.361204191543948
156.147208000380232
150.566776013961203
156.283400436361688
147.140862640711106
143.019380605718027
158.358993815571296
154.847514176440370
155.246453012428930
153.434854244038434
149.853294496481510
153.180738661133574
152.243478004639201
153.363298239260104
156.374186488984606
156.889688046539248
151.473888841260049
149.169383958618766
153.040323885177912
147.767261536124920
155.782936309768559
156.152288653576335
152.854197087290061
158.210167154956309
147.520701954101298
128.234954565948044
153.946663600328634
157.796837810967190
155.268791512377732
149.989386119343379
143.147408255534344
140.437921978389511
151.385802135963502
154.095612650659803
156.724000529254823
160.662053900520505
156.688451346213100
152.399154793084392
155.519607906753322
147.346409855224977
151.127385554630479
156.665941951571085
146.901825018265953
159.234279974595182
152.775611059693148
137.054318975929220
155.658177573366032
153.813969498297809
155.978435749321761
155.021650555950117
153.879118726649295
152.445571134161668
143.204302854516868
150.538336379311176
154.844887265173526
156.745421372381116
153.590334781312464
152.406131782275025
155.579039896837486
147.464428864045431
153.743391553747074
157.925364157605145
133.930763396128725
158.245959263616896
150.877156059961209
146.108062674702865
156.540364859819618
155.559163862118652
156.012219586790053
156.378515403538472
148.712633330766437
152.296460754670562
135.845681056405681
156.988549645749856
152.572543703760857
159.997011575468946
157.047298287267523
155.997766197646712
158.137814719214191
150.334558298565497
152.532381843268041
156.198609314153146
141.667601148377116
159.520409199641222
145.431073805511943
148.792720252548463
157.825166154931878
156.039710985975120
158.441149074494774
159.638720087059085
156.295931246974988
155.269129115862711
142.430459451684044
155.764891920428511
150.313144716665789
157.978042738845687
159.436510619736623
157.593115084402115
159.547130318940418
152.066055446305370
151.623357473913558
158.572454113106801
152.695458496302308
157.960937588122249
154.793201891012842
152.370021516869400
155.665678488978784
155.321725046351361
158.264882077505860
160.113619333380711
157.002476205376865
152.040263419142974
143.636118087860439
153.581411925852393
147.778617865730638
156.973533835929061
157.683642305770093
157.489099664358434
159.932965691725627
151.592594540340826
151.230378111746148
159.910758677625154
152.985711938916637
159.469911195649729
152.663651964121357
142.518422149317615
158.817878879271859
157.902481287262930
157.576371017038639
162.202986517868482
161.315212597975091
149.715495055673557
146.076246778388338
158.554302752126915
145.996635472946792
158.784064463877172
159.823898334288430
159.689570404129768
161.750485005810134
151.896374218427582
156.560471926438851
162.403890103652458
155.123631830383573
159.355432742006997
156.257055806269250
148.041563284286582
159.225242409195715
154.657753874750114
158.098494035344658
162.010575073483039
161.056805210040409
151.204445053871353
144.211163040396571
159.031447998636366
149.389263630088124
157.545594691403011
159.351815762104962
158.123215639360296
164.121028329057367
150.764832856887864
150.277953944481624
163.196284413542344
159.299969011324663
159.754075681167905
157.933829484428827
153.110790227509938
160.838114242605855
155.621960105473988
159.753969887515154
163.912091620501315
163.796435546758772
159.887968850421032
154.897459753366888
160.100249851695651
152.222030467028532
161.920928029105795
161.807445489561957
159.795237289560220
163.447057605127640
155.725190878498609
152.685638909531178
166.083969444824533
160.113017988062182
162.271466691161891
160.190867473406058
154.121440119927371
161.204443862107354
150.818084849873941
160.113454520446396
165.331659271777482
166.917202512573283
160.800283960545869
157.894330186681429
163.804627469909803
152.860805729349636
160.488727328930963
161.340094759163009
160.885879177219692
166.191619619029666
157.733057774560137
155.750867935866722
166.632321259095050
164.027154401189819
164.233932567621110
162.719173376654823
157.103339066036256
162.824053254800276
155.432194140072795
160.825664341019433
167.169765087008841
168.459303287648993
165.241045902840369
161.381434581074245
167.251950247396877
156.097025058712376
163.200534759121155
165.579673920465751
161.074117442407783
169.436858536941486
163.090148670189848
146.038378577666435
170.214541191781194
167.314586865137073
168.379877089379050
167.835452450389766
160.929993067601742
164.797666435805695
141.095206011458146
164.574911814679524
169.607624523747461
171.965237420724520
170.250712258382890
164.733610434047137
171.155303912487170
158.412528449444608
168.679669042467850
166.314201805888302
164.396106923305723
172.076758618642884
166.707179564496897
154.839256404597307
173.779168127014088
171.051101295053570
173.272005989873662
171.919075237910334
171.890989696902125
167.938668406885029
168.459439828324321
169.428949169742367
178.298414578813578
173.726612090931638
182.157015221141620
179.001647471496881
188.546523511707164
179.540673362794792
191.040435655441343
181.063722133099475
187.993481154810127
190.987769151162581
179.553669860051116
191.203961964349276
177.456629850431256
178.693059590549268
181.545811413807542
187.877168162608029
186.941639635445483
189.018559756388953
187.527654575341245
179.382369372045048
180.158893197381758
187.350678831349114
180.890066463160196
187.795511504753449
186.136690672777434
186.940279702471855
184.012480350807408
189.923049893531868
178.703804353948470
189.963446480246432
183.900633239141257
187.044049392057474
186.051085787838161
187.778172841527635
180.765095555509902
187.236930724149943
180.234254713132174
179.362888017501461
187.513980125459625
188.919773020434491
187.076342088381750
187.835012533297146
181.444965393636892
178.578671692455714
177.530538197886074
191.165832144517054
179.668434193677001
191.023741810946746
187.981456220353067
181.226582254241350
191.099134386406291
179.425148747468654
188.560856028941714
179.243407980778045
182.090732647422982
174.292986167119437
178.344620570225288
169.219249324598877
167.826282638672097
168.141595667675830
171.564681678262303
172.542733036569700
173.162563405063281
171.678651706657945
174.247959212405249
154.124473590058756
166.687792018470702
172.771617603296818
163.809479420869224
170.096910472116633
167.250981634200457
162.808864868412229
171.040152821805236
164.826154132212935
170.246935785226270
171.445300985223099
169.507082209611781
163.573970557482312
140.305880977290087
165.290162759333782
160.770697966510852
168.020796472069947
167.382774327804754
166.745955244506405
169.725511994728663
148.998044675068797
161.414371894660803
169.330897712627120
162.346787476194152
165.511618988961374
163.141274570446029
158.536836387858699
166.606727827306003
160.558198760840639
164.826858416409607
168.437307351585105
167.606702535675112
161.693392396213653
151.260890695573124
164.037533110867145
156.668761662120431
163.788219818220284
164.231809010712823
164.412484253729332
167.240899891108512
150.923027816736379
159.022528519657953
166.234816082541158
161.614895202862897
163.553276126150195
160.097630515205907
154.392270752982768
163.366103885309030
157.583847647410721
161.875776258040418
166.897226638942726
164.314007827921699
160.099056149079360
155.112883145419516
161.058965075939000
151.921363295717697
159.959436260539007
162.283875490272607
161.080815055261297
165.306725296572438
148.875151389947888
151.174488884540239
165.659732150228194
161.490946238167197
161.761621608657009
158.539217481554857
148.675699424402126
160.457308379715585
152.083302138946067
157.239792233037633
165.332564787259116
163.136085881328114
159.152880606936208
153.791509322293393
159.829187932945274
154.153279694333776
158.005731966351391
155.462214760579855
159.294926263972229
164.460493719903070
154.132288892226313
144.393180149302395
163.367976566170512
159.220084525468081
161.344645118562624
157.390601587035320
127.583131013475906
160.636596765763528
150.881391835969936
155.828655797445350
162.184928843581019
161.877487205499875
160.787536098707051
156.484179161386862
156.940612474417946
155.378423141362845
155.125587499399387
159.114109767953465
153.031001359826718
162.880479259473191
150.371285227686599
153.620052545066926
162.619562043833554
157.684555294725584
161.511316077145779
160.888095818019167
150.289863516408076
157.358573458528525
135.062172872126922
152.061005910724418
160.819355639354228
163.152446969168381
157.552327671494822
156.604070387114945
159.114951945840886
141.056204285645947
155.719963536891584
158.845073456354584
148.261223180848958
159.754422502118075
154.406053818584297
138.625265290612447
159.495636968428784
158.560261512646548
159.741705188994899
159.231985813283899
146.552117627079866
156.550847913289857
147.893543628953836
152.599890451404548
157.624204995424975
161.120923828232776
159.581563167775897
157.245245278539613
158.266664208537577
151.504611401927178
153.543204453591613
155.719862079983073
149.537918856721632
159.391135302402802
155.082252821612741
147.060491607851588
161.184769860112397
151.538643228985364
157.514390436256548
158.150519882077475
152.969757269874975
154.673912212486300
140.977291688194157
148.218657991706067
156.683235955182425
158.264523672504879
157.437026822704354
157.974194911065297
156.233350823780427
150.204463448597352
151.077303778442143
159.832190442379215
134.409615380246663
158.807290217131651
153.538974680488082
153.717334911017787
157.263695961235015
156.234691797646633
159.381768553291778
159.424257287014910
151.512593694763268
146.895876070005727
141.790832882127546
153.860801035257083
154.510030154887062
158.230496485232749
156.005002494859696
155.512477096797312
157.398272412316828
146.126209826946649
152.471228215616435
157.905072290140311
142.691751822182084
157.610430534353014
148.874755102138153
150.280085220611596
158.940770448772298
156.567394420430361
155.858726451010369
156.633867086704100
154.145472709004054
151.004241270405856
148.853887382542212
152.892732027557940
152.761611030387911
158.018747436697538
156.885809323812452
155.175773461919903
156.248118018746055
144.374374781439542
146.215372483530530
157.990861592143034
147.344339435306978
155.192724157999550
154.393536415282455
149.052791193295235
157.594312534836433
151.048387944785048
155.218945407290761
158.336390770094482
155.063061264558826
145.762301303156789
139.653152930858511
151.746337472248598
149.846886626757339
149.363017286606095
156.671331860215446
155.081594136193786
157.058947368137837
150.527884649981672
154.808695762801960
158.193125389018661
152.259057339073223
154.742227362364645
154.891256752379888
150.381565458589762
154.300492574751843
151.632883187312643
154.780153194826056
160.327400508121343
158.191501102316096
145.730505300800786
143.856402148579178
146.152244471191210
143.752762036421075
152.193591042118157
155.269222793167387
156.209478514620088
151.907594627092067
135.268292056832109
150.026917594223335
156.703843948024286
152.821923576491258
149.545075337882963
153.731549163118416
150.173168833659588
152.864200085955531
142.871424282663753
155.733302444434685
159.398337834762714
155.915738027258158
148.547520928840669
151.111384839757534
150.817039077477887
135.905798892759037
151.697456188273236
152.704179545037476
152.636334914229565
157.787636475507270
147.072841800094494
148.205791307707273
157.433902853216011
148.242458495899058
155.576550491157548
152.511739623765777
146.803072917098461
154.557683129496809
149.105584042976915
150.113077949705456
158.514865305095640
156.879922022033639
151.372406815500028
148.903628948589557
153.331876269090117
142.059400070224513
152.521550189929201
157.354106270297365
145.486792171915567
153.422399458161948
143.349504005734303
150.144592706423452
157.255973740453214
152.027837262462526
152.132395456792665
153.757280176203238
146.979267031327311
148.105460841511757
147.366588851644025
151.509271289621523
155.893873950492036
152.973937581888293
146.802648991527519
154.528947652214242
148.965855646586220
146.765432070216121
150.148274734581378
154.930607311229039
150.911896530973365
156.582375889684954
142.778979409079454
141.628396025541207
157.365545255254176
152.284043679660101
152.182600173603333
149.658495992985138
141.582828628549379
154.969920757183985
141.820485930970051
150.972125287094372
153.386319555829942
158.364720438498637
151.261450079290142
153.744891329161021
152.623159649434655
139.253404379759871
151.846473492682208
155.774748140332349
150.523344607129616
154.519448679840991
149.654195893184578
144.185949319878944
157.514031896751021
152.416521674137215
150.176472091538670
155.134749242050731
145.459305817107406
149.746528162677436
138.313010321784475
149.199993650721268
152.970630346270411
155.616545235653547
155.089892752598161
148.907778148596492
149.866810275439889
146.843950714678328
150.664395630541833
151.558081790314702
141.073179579061929
155.333867214558325
148.209719508965890
148.224375555631951
157.544798302712962
154.088141300361798
159.347035092912023
155.102714094947117
150.765752034485217
151.625354991634424
147.668100001416008
151.887560377564313
152.298840635362353
157.291298726451487
151.931268813580942
153.625089492917880
151.399743789709788
146.857341500061295
150.070651852052237
152.558728720741868
135.701109695201581
153.295560781442219
149.089987029779593
144.350736360986076
155.064173279198883
153.652701535524244
153.139346533179747
151.588385136440479
150.328061549288975
151.572327554698916
