145.618551623163512
151.013804997452780
151.064620823865084
152.103561771286337
155.012271673783772
150.580841880844105
152.153974991499240
152.123181349740861
144.252328743812114
151.100023871808048
153.487120189431010
146.564767205511515
147.443946959448226
151.517680182724803
153.628570592601051
143.003764078778346
142.455417663473554
151.613660460240965
145.612600004677518
145.796954796238794
151.929699997107150
141.132170982684812
149.201325350304245
151.341036669583218
152.546001075320646
141.605397331854931
147.772340836221417
150.594886349637761
151.042702518389319
148.407178910502836
146.389677475793889
150.313263832690239
146.949430642008224
148.671297322953421
144.827635912208962
152.609049911021714
149.271438479531895
149.784035769624467
151.491998296441125
144.624641449958034
146.206560076084827
145.093278272472674
152.069509254946581
152.786704440207728
152.461652382891913
152.411466080843184
149.733736601552948
155.482176559116994
149.078297752396082
151.490109050093537
152.018353548019746
149.255693602500003
153.309115850815488
136.731949301118277
143.507662914598228
148.840302962296647
151.217976283336270
148.644447388045023
152.445464633306415
150.456695395299278
152.741506598156548
148.358807340254970
148.962607058764945
150.246854189169255
153.666183454082073
147.519354293096342
142.362522266383507
146.974077348961259
143.649431373273501
151.321896690675828
140.671744568049860
149.544309823722216
148.305667622818419
148.999620518881642
149.954321692545534
146.896322265875142
147.901126154108624
154.489235171948877
152.938142394934175
149.332017698039380
147.869380736582855
151.414522234589867
149.965897766951571
152.392652611004507
148.616837608722449
152.896854723187289
140.278933532786056
143.771827647443132
150.288003460448010
153.807260398635634
146.302218133368342
151.455375035888835
146.463247903361122
152.101750881217242
154.965252549624751
151.960054442402139
148.997370793431600
146.504718361912040
150.464700144034424
147.623103359227883
149.986849736690658
144.393926507837762
152.380118748678967
138.629332142258079
147.694615637212451
149.493872467061664
143.498746469453863
147.238900867835042
153.268070132279917
145.081241135284273
144.305362245592448
149.737777988580916
147.661015031919646
143.120000281891578
152.435367613381175
154.531114251939073
151.738938280055578
149.904739466091144
151.461421312820391
149.925436317462527
147.606324857973050
151.019048040287032
140.023249414140878
151.585045531309049
152.107065631364321
151.625607223738058
153.307950032542351
152.395274189131015
151.984488840453992
151.974121565036540
147.263694504552205
154.667762509297432
145.654791493543314
151.934473166360362
150.652258319919127
154.534914806618218
148.007714221435947
147.550754126980166
152.606088611046800
153.834127679045508
152.360743527732467
150.442220892639682
152.193610965896397
149.286000631676956
144.242405525958617
151.684791677215912
151.343590630401053
152.955779063867226
149.131625924974827
147.950632250471983
152.291928308202102
152.061089328325949
147.440855504579758
155.815223221068464
154.000214186065676
152.607927774691916
153.825804598006300
152.456340956434957
152.472098485428319
151.924841406339823
152.161960547342801
148.686839220263238
149.210016395801489
146.021446057285090
150.771403046785906
154.600863056277433
148.369898154665975
154.975924311428400
152.017068320469917
153.358871942758839
152.934793466068299
147.803955737969630
152.592964957748563
152.009511495774575
148.252721801501707
127.111938757497711
146.323941279716053
152.222817265212996
149.530348967196318
151.180653978104459
153.466421070886128
151.891562468635243
151.751508197674127
147.976055763124549
141.628766142276334
152.656889362022469
146.173610964122332
154.048931283396769
148.767949388535868
150.345333703601455
156.531107590949688
150.384595495014764
148.995821946391828
153.145041357309395
138.186771033306997
153.006484175028675
147.261876638084033
157.214210426862792
153.815316638814579
152.892932299635760
151.996465750585344
154.396443092406741
143.942298073599119
148.582309075270331
150.312145324022822
150.886899070840030
149.197263369731218
153.378833192939027
151.706951531665737
149.100518809499761
153.294327557266570
151.404678878473163
153.228244253951061
148.232024680159924
151.532377425746375
148.023098034182908
152.756063562163888
155.786482347340240
149.689355370561259
153.479370835994729
155.531243100700237
151.262525328651236
152.882192752575207
152.299730610243017
157.116279816249005
156.331190088198497
150.843467823908128
155.494541724629158
152.013790035526938
154.232690119607355
154.994267988291881
152.341619637008051
150.380756530485712
154.503386613966626
152.855309413382230
150.407912437005280
150.750466040221852
154.625884305279641
152.483584362181091
152.628882058407214
150.751176596004058
147.762336282244803
153.705513658707133
149.474605036281673
157.942858203887596
156.732813689374922
155.315808388386102
157.922395613601253
151.396653052480218
153.882125669460322
152.373484896301790
155.898963693452629
152.339040420626787
155.976710926388677
154.937151966466104
155.739180186029273
156.269961610775169
151.813947934197671
154.712475623217586
152.111756581673319
153.968317652548905
155.692850595400955
153.811479393104008
156.028339808863421
143.487832920941941
158.857127897977307
157.201658406493408
156.726003834835069
157.168578667288813
156.497140455951978
154.909049519985416
154.684448125612334
150.471048077210725
154.202306410008106
156.126278242322172
156.049287976831067
157.853806223934214
156.886826708919585
154.088901932923278
157.694009669653383
157.179224728952136
154.083782504387159
153.676800049992778
154.594626071422056
153.672533454944073
152.170704369479580
159.291015363087695
156.456735406572932
156.150819155869385
154.111209291464235
159.016027430169089
158.500997092342317
158.815754547225339
155.499505716095115
157.689263335626663
154.498042177393160
157.652511273190072
156.792457565434773
157.038444235299124
157.186651758003961
156.541960387138175
157.679108533583360
155.949489771963556
157.477004430983754
160.418548168701932
154.268868436860828
157.084346890107099
159.405477106546499
158.537152940740100
157.510092773756696
158.628005529822047
158.917683114704715
158.196703419007832
156.930451333746504
155.970211436574061
157.481060468918514
158.017620112821731
160.415449670414915
159.761236223344383
157.907271252425716
158.747495676303032
160.635551463248305
158.739751906305031
158.551862525846900
159.421456796390203
158.831878618323685
158.446100617703422
159.927260759530753
158.134999662986559
161.133756500675133
161.065220604299725
160.511070737614972
160.066133978713907
159.852882482938981
161.032677587421460
161.403195731027608
158.526893358396592
160.887375795923333
161.641902530690970
162.072420356730191
162.153479292836948
162.987094035209765
161.997792584871377
161.584679819085238
164.436827645690414
162.556256531670755
163.083362866966809
164.050782739444628
164.481485452674804
163.789046264804085
162.767139490626988
163.690778991183549
165.831838472972834
163.328733029512449
166.728743173388949
166.515005562127556
166.319450685741117
167.129668730316212
168.145042406988182
157.079543857668767
165.481203665169971
164.708024468754786
165.985197881270665
167.428398296812304
166.167728307150043
168.972435980330175
167.172185099623732
169.692752532081130
169.124283916027736
170.144120775898415
168.946397860640872
169.001435421038593
167.341851510893548
172.939242577246830
177.183157741525804
179.538125587648494
189.827059664163897
185.727958680071026
194.502909228773461
188.939763492700706
181.358730352076918
187.448026541629389
188.782722488546597
188.805241299939723
188.145710440258938
187.762138473579085
194.846051181281979
193.733010798020132
176.212055994753428
184.379401364293813
185.956536346261288
191.745680019731424
187.549076280653793
181.204665033134859
191.034740247252302
188.554368159554883
192.527729712125648
193.120818142522126
180.212641568450351
191.580743036994789
188.254584705201040
191.606932951896795
180.169068748384859
193.149719886208175
192.521189118174021
188.551658930408905
191.001938478978047
181.554977592493117
187.600103000199283
191.796454109814420
186.055510325913588
184.267255065517730
176.220323923120134
193.709059459082823
194.854160417640799
187.903442929545463
188.145021558818826
188.821207390720645
188.853719395318478
187.464366023678508
181.458790204687801
188.976184616942703
194.512169967565541
185.750472382124883
189.907744810185790
179.577295060105712
176.986431056868554
173.383808864335606
166.989398409694445
169.728013317097179
168.971095913304595
170.874179250701047
168.842620764304741
169.931016542322908
167.939166609623896
168.653027886369671
165.886260589171030
168.268045022591252
166.214940571831391
165.954270840888682
167.129673607898667
165.903516677257727
166.222999397804870
166.478643143069121
166.034412865799084
165.914912616647939
166.481834065910959
162.328084501924195
165.387675708898342
164.582818702549815
162.839901157027441
163.184608878896483
161.251476271474957
163.151115989414393
163.448325368036649
163.209855428521905
164.694746372338500
163.007961990303983
162.044752283881564
163.294334759386402
160.701766443276881
161.031051511365717
161.241658044989492
161.651350750220672
158.017053882346971
162.250981146191691
162.099629071668829
162.771446375394021
161.106802121285625
158.741703377126413
160.275438320005179
159.853717636811183
158.200253532464501
160.624401616720604
158.636069861430997
160.079624507326230
158.122826731824034
159.505498178433697
157.457162552545753
160.434298803149062
159.310563929300628
159.666013964031094
159.462443868557813
160.014854246153419
160.718507179785234
157.149496003499365
158.135761620127738
156.194672231174422
159.620816403599633
158.909851289986420
157.997135322062888
158.834673717741481
156.689139543060321
156.420105238077525
158.604147283408707
156.738948128317389
161.148646657108884
157.160230717150824
157.019530430434571
156.745574208738702
156.834292578760028
157.205649947027041
154.868120407895390
156.227510982870797
158.111292975993194
157.197732849324382
154.549519681081790
156.973820315236679
156.953848844058541
157.719435752462289
157.014935414018112
155.815339393277526
151.813303091807398
151.344756575064451
158.685435363903593
151.761168641177193
151.942311272514388
157.767722830113343
153.957277214182398
156.189526012454508
155.590415393301242
156.437708995920588
156.300693102631129
153.241834864551095
156.970351591915318
156.290324399613780
157.092091554400042
155.112591533230045
155.571824978695275
157.950852830570398
154.370153732297325
154.990913680849729
154.166382907027241
156.581946009606497
154.565298037647153
155.766123538770387
146.669447674202843
156.597475511828861
154.303763436806918
159.141570886024368
151.808924819855832
155.031301302769265
155.118167620734397
153.664107144876169
154.683924271019634
153.833449249162641
151.524285073555234
154.985917708820494
153.050226927202090
154.331570384608142
157.732258714207433
153.409844720552400
150.093239474264095
153.975030926369215
155.047046034099026
154.880685151790800
154.097865499180500
154.906958522976140
149.905993002025696
151.195145975857827
153.518244593271106
154.490563297189738
150.144174777217529
150.415036132900184
153.970793091142070
151.485058681825109
152.794725457070342
153.450790001243490
152.582578556431315
148.583428785357626
154.820402742819056
157.024057951305196
153.048874753450406
152.526225220467666
153.863297554974395
153.995409509612557
152.047981969368749
152.100987156513128
148.295753963951967
155.399321855921073
152.998166931447457
146.596351886201376
150.329275326643625
155.332130525908411
153.430430745312236
147.954592835527251
153.578376034227347
153.214161234696121
153.519299188311294
151.448727723038957
152.761289948725192
154.744127581087469
154.193488375297648
154.627455688569768
153.314573139374318
151.498809650297147
152.558431491474636
147.164517676847254
153.566516813828969
156.810142399691614
153.096624697988659
150.965376524744357
149.409780665128636
156.124235259425035
151.660775034263821
145.936767516329496
145.934283024668446
152.160053263301648
154.204906367957392
149.561027956401119
153.952222930067506
150.839246998806630
153.010201949106488
153.596972693171608
142.767392413959954
156.729271971048263
150.439163374929194
151.916446513981697
152.997311565856393
153.032172799247121
146.311030790549268
153.645030705217323
144.107299326639748
148.831938880022648
146.146705261331959
147.555750929242947
146.256777638880720
151.821238243602409
148.508148505725728
149.683390531224774
149.676113234939919
151.599371348423830
150.599857609934446
153.720123100391987
148.651501137446957
150.141399586486529
149.704447454031225
152.962803177311230
154.500735887764705
147.828439218863394
150.962925527028574
152.230846888450003
151.437572338580622
154.633202545501831
146.759745134257116
151.392506062153075
156.142464988240050
151.658786930395195
149.551925384189502
152.700881173984328
147.905803983042318
151.465626211981089
148.162931502218726
149.020818907192336
151.033025104166086
150.989356663207587
153.465083282255023
149.079930609932774
152.864963945736235
151.370504106997032
148.796574524597787
150.806596433115033
153.567480754563832
139.295741960935544
151.414990918185168
150.162014369656191
154.441598101359943
150.793949718357425
150.521702386009764
150.211328849871478
149.667129280289203
150.180102722698820
152.248774457225664
145.363369790165450
148.898652560090653
151.554495152100230
147.618331050091626
152.827112001015962
149.847056327166911
151.051951574187910
154.005210428769971
153.511785677002848
147.362623663427769
153.972551448716160
148.958227197975759
153.051804177592999
149.551910852487993
150.868630169070912
153.713638512721332
151.352352096028142
147.279867515115313
151.781095525824583
145.004071850631334
142.413052909075532
150.685297716876363
146.815126078914062
148.991085452145114
152.756867703443476
128.590821237781910
152.965705816797794
151.072222707166247
148.083485678203289
150.159140349847945
149.105278769070196
152.456297206687680
149.944243929750030
149.166506566937500
154.400886335377635
142.264304967879383
149.240699767699823
152.507004499763326
149.061879983854226
149.911831906566618
147.854929808282378
148.589679058375225
151.503431056014676
144.894419319979988
151.381006962829019
152.605900844139086
152.074825856084630
151.860374285454213
151.624383216940601
150.192855617284749
149.397870025337767
153.456066927414099
148.860008702833653
139.653554759753945
152.165733568837794
149.169735629425958
152.506957902272632
150.646744130499485
144.424842258356790
147.484092308452944
148.616505772280021
151.622452261697049
149.584890130492795
154.644604573993803
142.150999662955769
148.055187835265286
133.559471785655262
149.226351494083644
150.160883651538484
142.290676285699249
146.669076587972370
151.977996764781579
143.727390015706021
151.581763302972888
149.738866791191100
151.828475970685531
150.004613677809999
152.844133769915118
149.186130576560004
147.369303742230898
153.502313656367193
152.156482072395022
141.910160796454733
144.553131465721606
151.083260365237635
148.893485204580429
144.923118439406892
153.043833926345087
151.965687085957313
147.842429364034757
147.232733694066440
149.313421866990382
153.830056307753409
154.282700609739749
147.449990057939573
150.958386315016014
153.617012613617561
152.008563683116307
151.466735343545196
152.832706228048806
146.349378079964737
147.085739833891978
147.966095114104718
148.462726775909999
152.129181703088562
152.093911986052518
142.149781738244712
146.718736437736879
144.287117852516417
142.047474556667936
153.570429978853639
147.387319447553267
146.683783294863787
146.625676697083691
144.558852303636030
148.236186574988835
154.235049842501439
155.876235377658759
147.935100662827722
149.923415341649246
149.202102027763686
152.845512971839355
144.754807362639582
149.189848325748642
156.098703079649283
148.228361420091318
151.911372708160911
