150.276408802885186
136.931312680533892
146.806024063038677
144.609387268273565
140.683412704851264
148.591277696163871
140.936491631421234
144.889425379615147
141.440014137203548
145.943462972402727
139.230853569606978
142.358327554865525
138.379002362250077
144.525058003195795
132.286923191564142
137.506570428145181
142.226649649757519
149.249673572898843
146.769806428548577
147.690200664169367
146.644160045525581
141.071401847181619
136.528106251958093
143.200034418261055
148.101377071043544
143.085008772544853
137.748567465223203
137.134675518838179
150.585035240759311
134.406430799743987
139.801534117274940
144.535612002712270
145.591691812527984
136.259212391017400
146.561837540154471
147.064754840026325
135.599527205894958
146.503307361448975
135.072617504323318
152.320233515059471
146.288550437751155
148.702509843416465
145.178813739959338
136.671453540323228
138.800666846630975
132.153974504707548
143.296507720197553
145.259395419347328
143.501862484127088
144.335319035560133
148.746067019068306
150.341684685754785
135.380932597902273
131.955395805256074
136.660574841708723
127.753012745929070
146.138315827010899
146.544558675213011
141.838344418495950
147.344314259644904
139.574803941189089
137.223404503853203
144.876626539165358
147.456626373830318
146.663013152655111
142.057701934299757
145.317331632379506
125.339594181320422
146.250610004174291
141.406078285209333
133.678908192983329
144.201486185278895
137.881186991281936
136.603387408510031
150.164948636935861
143.456936001789273
148.978283403117644
141.240926444273782
144.095430612869023
150.021133883502472
144.500641542022123
129.310791996838446
145.521955327455231
149.465932623612559
139.131826145713120
141.331899731966303
140.305090770872084
146.118601914508844
135.864639502482987
141.051465038661405
136.678510990011944
147.315732690043745
139.193197079427904
137.364202311483695
137.598999104770257
136.657941876590172
145.630059382096533
143.330582921714068
142.609087059093838
149.182558467068162
147.432977257261825
146.388462316406333
142.792894918908161
138.773609871217815
134.933105327628084
130.657348861275068
140.303916763202238
139.263150244193668
140.414945585844862
143.878100867034419
139.397437290179226
146.182295738828032
141.515187089055956
122.720786452296551
147.686506658457432
147.499745002363795
143.193257954265306
142.308111955014766
148.341789636342014
142.660832766798961
147.058805992356298
143.321675723351461
139.516626238186234
141.887423623284178
143.634640912802382
134.598153647399698
143.848735701703390
141.156669372959186
153.647513369986427
150.239967440024259
136.371871200898539
146.534157171308635
146.853971632838977
137.187399571392433
138.907385111596625
142.281236280733339
142.061159952974236
139.614955631669233
141.957231024429234
147.627406979335348
139.243003018160863
147.355435228046872
151.050329826521391
138.522077691286313
142.967677705806921
140.330898252594523
143.650430926002741
127.644662231310789
143.058288793877068
134.876824996482469
138.564374951197749
148.641390677042750
138.499735207329621
146.299769109564267
136.487400108875192
144.649266403935883
141.672861889835531
144.668480078480883
141.123366272938313
151.508130686359749
147.984122143801784
123.201331704654137
142.876237631761256
141.089814557540848
143.863963949273227
147.863319816614052
142.459716238549561
146.011853584732563
135.064972038281070
140.326475753580780
139.929329217423771
141.982468291722711
147.304600978743423
135.161043320911034
153.449436684308665
138.695869835731173
144.692626186382938
151.748562869118132
139.840194927743056
134.583364836529711
145.394503026296292
143.885325131690337
143.979704938314967
140.293392526863187
145.432580861149489
146.421908830936871
146.021220193488432
126.111510478703295
138.695677806007723
137.735155349369393
140.923638991154348
145.300179412902480
147.661059714922175
140.682827356320445
141.155594330803041
147.715453673248732
149.923120627965972
143.697014022006556
132.989608904821864
150.663872178558364
143.849124470140339
139.446338663751504
143.910127344423302
138.675548069188096
143.213576448644204
144.399689438731286
127.963915420333535
146.229122620440620
149.045966342822226
143.840276442774183
136.578959178653747
127.725152030746699
138.955725133137577
150.167369243697152
147.170422908532657
142.335169896752916
141.676176805930993
140.344870781239592
152.258639823871249
143.442257025456684
143.565956460071561
141.042755300906805
138.910786057784094
141.448844055104644
134.919389819351238
142.461256522623813
147.882946155305916
135.935024544048872
139.180590561823919
147.997843905466084
143.129224319771509
143.000902939762994
143.002684872980666
141.627407319586553
137.615953777387347
144.229420255783680
145.663617690764909
138.209158864188169
139.164306473468599
144.347335064373794
145.644278948850030
142.052915034118371
137.135811292149270
143.865660803090094
144.253456117728945
143.259661666326053
143.190582076986487
139.131888902598206
140.266805672673343
142.345038271043165
146.628663009133732
143.200729011198916
146.603281502238985
143.319942039861047
140.783996564530582
144.339313722143800
151.604712323119571
141.532763624171594
151.767259728724525
133.017721592056262
146.747990492676166
142.424074065029004
143.291195635912061
136.676344122381551
148.330859009302060
142.758482620870893
139.392394569447816
149.880455160501185
130.804347740353649
146.014584404955031
146.162040359027088
140.385876806610923
147.524705422824638
140.038428797782018
136.138727492565039
142.509810863467891
141.153806286990601
144.821419301463720
145.329346680151673
141.930683556873078
144.705562173522424
141.526977944846919
145.893927377663744
141.780827316998881
146.182506442464614
145.771563811396817
151.609802597820476
139.768487357834175
136.354060090510359
146.263157680400298
144.061403310809453
143.436199724900604
143.466596284373225
151.033227408982810
150.323222984077802
138.377208469232727
144.855512543121705
146.286327951963131
144.512585660164945
151.191238023524164
144.330846211686975
148.060010951479455
141.352763837458298
144.945994003824666
150.022324184241199
141.096861812662212
136.746734431105864
150.063851559417259
148.129206701614407
138.408152773585243
142.759404967001188
143.087569937320382
140.625835996034255
139.534711364304428
143.788966005753934
142.023195697482294
144.005065179126632
142.787409116868645
140.522758962276015
137.198963488776769
147.615893440035961
140.512639253674564
149.495786306042817
140.592380789099252
148.412134392335531
146.950049288320315
140.266522492104059
139.558796007713795
141.935810783621775
128.711334779162570
147.849550156992223
125.260510386726111
149.155550895031013
145.375721131475927
145.188895859017805
153.829790662805465
149.996969363498295
143.526737197902662
124.451359942059810
147.182234426327568
146.233665586278903
152.216425601089725
144.219070463556506
136.709541318898516
145.179408919871094
149.204108828042507
145.117853262686367
143.961335413001819
148.869447595736546
141.002777170459183
152.910347619361431
147.923314966719488
140.665256446948973
156.453543670745404
136.472146195147673
148.373516241665470
150.914697501964497
155.623183139864835
157.043135353305018
163.218394765981316
160.830523984037086
151.164360831324814
154.230067887893711
161.501852499303027
159.093800087087203
144.332441327587361
159.348432519808114
161.088224959594271
153.280636561926485
163.306733093093072
160.350400051051025
159.981302853537301
170.380605136940233
167.961486005457914
168.362205418856632
175.388414981639187
189.287822615345988
180.315112716136696
195.708552826825297
187.059542500344662
182.294021237263308
188.194660008499540
186.462403981177573
186.731070020637048
182.702765057546287
191.378829660704696
191.369950799532631
194.880310225222956
188.583680412105821
182.270093150959497
185.188606970496323
184.879535674696285
174.434623314455678
180.498996187653944
190.596577690795613
191.756518497915323
193.220839051581663
195.687026821813674
185.055916477255238
189.802979705430005
190.006556527387261
189.764987080068352
184.989544045077537
195.706953180454150
193.249669476206520
191.807322139832991
190.625475386351269
180.503654232630424
174.451564673392909
184.838819930568576
185.301629779366664
182.360473398954781
188.553293206947245
194.889170721420612
191.371909521079260
191.360494794284392
182.752233851583355
186.747858978799570
186.500311070972799
188.158768439968412
182.257584929674124
187.065956740315471
195.725763395213619
180.409456049687122
189.220725907644635
175.498770462202287
167.407096749327650
167.596403645328508
170.374258724468973
160.094695553740081
160.905455217243116
162.967024823749966
153.909952675012164
159.920183985778550
157.267932421609032
137.271437498412126
157.882669230310910
159.580435302447825
153.499838961419897
149.662998063949942
154.042724712365214
147.170398529997328
149.574835454956286
146.096685582971389
138.124317834576857
153.444071760083091
149.624798278729656
155.795494236984325
150.748660484677487
151.550947144818934
154.975439784559825
141.472578639508100
145.258221936558783
126.815926479905414
142.335666963510818
148.425469590886053
139.528458214137828
147.012211008941989
142.606287903502079
148.862139851061073
147.890802637536979
143.548940091395593
144.848789947507271
144.738089288447014
149.637126382558307
149.437681789169801
150.036563928673047
138.700453683635885
148.137805737432444
136.794831467047345
137.979905881026838
133.920391829592404
140.118534431744990
146.081516834019226
147.106630314424166
145.250277956846219
140.529163529463744
141.879903680279085
141.630970624806963
140.360358915869313
140.881859012023057
142.785294925077750
142.902459307309215
147.645100179716479
141.817135444960002
147.324925482606062
149.014378078312404
149.495873603316397
144.236688322339830
143.685813641894697
149.625342610423587
138.540794188845780
144.576797757362556
143.117630592938610
147.914036581694319
148.533056608714162
148.940263062599826
144.026154332504490
142.911738135117673
145.686674119291354
141.392747195065766
147.747047720742671
135.034412613947239
146.617488819225002
141.030332052120031
141.321376924446383
145.872752866669600
142.042684670192955
144.221077324197466
139.728006060090820
143.550240732083836
140.539317299935817
146.068094565591224
140.871747466011385
140.361754203135149
148.177566702599620
137.188437879164837
143.771608533916122
142.185232463879800
141.224110247447896
143.555302582428283
145.362270085115682
134.542746158312980
145.425590776126143
149.183419966643982
141.107800345963597
147.210359343776844
143.815677009489434
145.121867066138492
141.057149462402521
142.672410696901181
139.659389196205638
143.868731962026374
135.234254253601421
132.456735000759778
144.913751463207973
153.063879576220501
146.583911055053989
148.567359958732425
140.317364585218854
147.062862984997253
129.870879620163009
148.572721702622459
145.183212957536114
141.620674302048769
145.795092016132884
145.315453160075634
147.529042087516729
138.967914016860533
140.845424103962642
150.622990457143800
132.920910334664427
145.097711426888566
149.012893378175306
152.582535593820410
137.789635089596487
144.254343937846073
143.971214453729857
146.022122268684058
143.994573604879520
137.358885144476403
143.586645452183234
141.720702781784667
142.362772377746722
147.480798994940983
136.185752973733116
150.306835227962267
141.555574510140275
144.584462568003602
149.190509689783994
147.533399876177981
135.657166354281941
149.959977383623936
140.135676465149885
147.133923938967428
149.316279470676875
140.432416553032454
141.959942017692555
125.207237621893981
145.863615495280129
145.429116294834159
148.868605612519929
144.506650338835499
140.368896496183709
144.851671965841007
149.495773515343132
139.638316264101348
146.156835184312285
146.925693410435883
139.062658806028026
149.342277334402979
145.476421194009873
147.703095002084353
144.952673340767433
144.657837497606977
146.004628778368357
135.232337874804273
142.222709133416629
150.797408455283517
139.484515539762981
142.768085147554075
148.329897601598446
135.512710728032630
145.044814696244771
146.909575141529302
141.091986359806214
140.388878101907466
151.673553516374653
145.875640360839384
136.157010802933712
141.630985858482006
133.883711541928534
139.771549848118582
140.717344197220399
145.311040805630540
148.054120887882505
139.620775785490508
145.674563734902051
144.258671872278711
148.220305749555024
137.814802272473912
144.727786993916567
142.027965603183929
146.187757354064217
145.944317672388138
147.348349480998934
146.026284344505882
129.086370221545764
142.063166783069761
143.256869630847177
143.599637606940689
138.161560157347651
137.825294982463248
140.644279062339933
146.958856641677812
147.984211031497523
143.262806341902518
147.798635105856761
140.045647525067551
138.697126560398942
132.667945020314960
141.031238129530976
150.264106217661777
148.444522113941957
142.016581227137095
143.161412756275865
136.723350930120432
145.645530622235839
134.308374875289303
136.943494681320885
145.364261981645740
144.051550601622836
138.822869415532068
126.355633604498536
148.014586548977547
147.611182940630755
137.456270344327748
145.033661725157856
147.814067685196619
145.080788483725769
151.057449465784913
147.848801737876329
144.286160855567829
148.175429523425379
140.366048944935386
141.721276727697187
144.587445433876667
152.726223099169744
145.576309449776574
138.981193160802803
148.492850923156993
143.143157118984192
152.694765703839863
141.971664131266323
145.294755463495420
142.760575593785035
149.926558362520552
142.795295956780933
136.008648975420726
141.332788297744969
146.617406002971677
134.343365423010368
147.051885068952004
143.537545050802578
134.711624169439517
143.366658215635994
143.689043427037745
143.729103607449673
133.446455844542754
140.886708694165407
134.572413499778378
141.290441021457468
140.160308626445726
147.728950027205570
146.181036602254864
138.723686154234542
145.857991125313958
140.294599872316525
145.506233795314699
144.938733411402239
144.640532772114170
141.981367081146573
149.332882838951150
143.672348873017370
146.586365714881794
145.584922068405263
143.773777326942678
143.448080369642554
144.442289603273622
147.094342765025488
146.719235266696558
144.294190094781641
133.258841611822476
131.914973669701141
134.754546554593617
147.454490115600436
143.476068302837660
139.940916899277312
141.860045882843337
141.930156431877577
150.234244888743802
136.431689958034383
147.462318463744054
146.180683957558813
146.308081232662687
140.554712075587986
141.658942427552006
148.539519796476583
138.802497912642735
127.143048490905386
136.828412160751725
149.972954699361736
148.091153690847875
139.663214127069637
126.523712101773143
141.183324785463867
142.927249645535227
147.359792233602064
148.327227137171406
131.755395836957803
146.777072388487028
143.314634961848071
143.329218658703724
146.404967188356892
140.235953860832751
139.308459588100220
138.208274461195970
147.126556470274920
145.035346735103047
143.339214505397109
143.155168757566997
142.826570197896899
143.393668701279012
144.481303388944326
148.771279697110714
144.707574282539980
132.171770188518025
139.659119172944912
147.024375493610648
144.559035270145586
140.162135095810299
146.165319077258914
140.116420668767574
141.648894304330980
139.082896141797875
149.168589711311512
143.762407560308901
146.826071334694319
125.587993754230283
142.145881720408767
140.745894135530477
141.524616810761927
146.980576367356207
141.130881695691471
144.627465748203775
145.343816010355482
139.327747291719817
134.311357875938739
134.435795465668775
146.170918659056611
141.128246481411111
138.832440098630684
150.454993540525123
147.820245100410347
145.349721079872921
144.687165657239802
151.664443316171401
142.507818552684057
134.082205442949459
147.268374133844617
143.884629534210291
147.028940149821324
136.441248652074904
136.698028205106880
143.980415659630523
133.075840706717713
144.978696336230001
138.736574600173242
144.076972495788482
147.525107624606562
