141.189346801919015
150.397991139282567
144.178277030964324
144.656611913784474
135.073627011621255
147.199787899599357
143.782779890487092
149.951105691650042
151.604879206076049
143.491153564273645
141.321799599560649
146.131340045489026
147.734505164290482
139.415897344218024
147.898265111434569
144.365092227450077
140.047322081564857
148.439582124662536
147.054184099552458
146.409866908347681
144.027156753686370
148.598715307558336
145.110916372515931
143.436892280473501
136.397732989741513
147.997403591924240
151.054734399523937
147.849427563922603
145.788236086393255
147.962283994603695
146.165814480253601
131.758247210380887
140.042328713150681
150.124878189943587
140.794836530518324
150.661097990027912
138.514677522466400
144.692794759612838
150.075100614395552
144.589753149681115
139.047764525348725
146.892422513756628
150.846625748285362
146.721139654153717
144.573347999002010
148.447761767986322
149.805283754085366
148.822993198015581
133.369485670084515
152.825611514501929
148.371539503599735
154.070657712616537
150.477539215910923
143.652952712850947
141.863294358195446
131.392981979399735
133.668167189743428
143.948668302627965
142.534421118829130
152.630078620272002
146.410600843255196
133.531881707468926
146.303515640507385
150.919806909283182
142.190187516938238
149.463619460393431
143.584666329412272
142.095008493463894
143.418021052745445
144.603140490382486
129.452490267428118
149.872048657780198
143.199363925352856
147.748257406311239
150.905870775232216
144.134997789523965
150.294804360723305
145.991854845511881
144.516722853960715
148.827990085642000
149.353263729922389
145.767220199879574
139.049907150007982
145.913347783003900
149.818091566561066
151.278103530612754
149.921540833274832
151.756353295285265
151.393618276921728
137.729834630164987
148.668246471471832
143.501730878994749
149.932501546816638
141.652353332090712
146.777399937466271
152.285647349952342
142.906333489489469
136.352803267294348
137.070285291197337
136.788400042848394
148.564870219570480
144.931227722751402
141.647555564111286
143.356978566208568
145.722103492727456
136.083991516980461
145.287097060559404
149.861426159234895
151.212345347181099
152.661916276185963
153.675051173685347
151.091844351855002
146.417443085435252
145.273466232650634
140.881088561126290
151.358333510456134
145.790715238549410
151.105857846337159
139.286100849714643
144.007887010477617
150.522749941629343
142.301691240124285
143.568507083930996
150.666797609249500
152.249190605454658
139.073816115325968
149.609212285400957
148.158848505083085
151.948113679613982
136.901816478762896
149.956362983481426
150.516833734535140
144.330915247770747
150.230216316536740
147.577955675375136
151.820136212264288
148.240937932958474
150.986168949536506
144.516816378414347
143.850533775381251
145.671173425375031
139.425935791928055
147.324883862131571
136.956212401213918
142.637492192520710
147.331245372249697
146.262866796867911
149.099669189490839
143.662648017598599
146.617756996025292
146.669646367745059
150.235026054788250
145.743995119010435
132.717890860507225
148.152615368806181
148.818563433216013
152.562983020933956
149.702787658034651
133.459289228040461
148.435554094897327
147.896045210544742
143.293579710710958
148.049045452647562
150.212376355542546
133.854047456135845
145.350280716329195
149.059483501816089
141.037151233413425
148.522490115516263
118.535473615175349
149.763616756495850
138.056889975986081
151.617300922348591
148.115188826821907
156.725976672009665
136.296030592606400
148.851218699218862
141.241781205279466
138.872717089901414
149.532292982774663
146.863115155138757
149.136093788668063
150.899489312083801
135.319748093549379
143.707525471929529
152.027670814511623
151.313339393876248
144.324476890374569
143.940470286341963
138.458432421119767
148.343835722056411
144.894089960968728
153.409619030730880
153.440841704463622
146.829260172647679
151.308313519502292
149.615812029774474
153.303608018877270
145.950705976987422
138.987011169994162
148.668218042398024
152.201456339626617
150.547133378974422
144.863099986445889
150.874439770918741
155.294721151370226
152.490329597855293
151.847987084895976
139.522503970972792
149.935223096648031
143.306070305960247
152.178580713858452
149.084710913904757
154.150395817011628
153.463273979834355
151.853206405169857
147.670738170086821
152.860654600934708
154.062839285909206
145.658077382771040
141.230665571918905
150.187454221751693
149.052712449774674
148.409849775324801
138.635047061978696
149.761269538619729
150.851957596370937
152.907423920079424
148.077668778321680
152.101725976268540
152.576966511736856
141.806198975379658
151.720687153740300
145.418449777754233
152.716080754369699
154.152378387648668
143.458857126294731
142.569088169519176
145.586062076658436
152.147288095600288
142.343180665749941
139.195376928470438
143.886561230347041
148.564614500825598
151.903336721665227
149.437325391578952
137.584877008102097
144.898960796804687
149.504511231294458
138.807150715214590
147.800873295393615
145.520758800401040
146.779562139233548
144.723731340816812
138.388430080170451
143.167765046447158
143.203709836647477
153.897715845220631
140.165950470881683
147.519457357135423
145.642770305286945
153.924152937369229
145.969013536452195
152.400154270127871
154.678933495533073
147.253389650354165
141.706302830589607
154.624453361859480
143.478482469896051
152.233759136364341
153.935477680069511
151.122865567118140
150.995670911546426
152.921248347799718
148.341730937866203
147.935750334587993
151.693121940587531
151.197411584955717
148.666085529247937
150.911262967970856
151.456672786230769
144.486833536185117
154.956314329408343
155.441696519128357
135.061309022266755
151.480839933354076
149.918382086157266
151.001231393897910
151.264045515881151
149.149211002422931
151.560742020305383
149.709331848239174
145.659791417120289
156.026500939056035
150.431660189260270
150.942860304015142
152.265120226226600
152.588333824669917
151.783526707009997
154.540766254702305
150.516848090569255
155.485451689331057
153.570632863682050
150.818279158307263
153.204890856009740
153.816076526621600
149.629419708901878
151.856703135699718
154.190145821497737
154.153242332383996
145.413685109061873
153.592711237787398
153.175147784104809
148.049641036157453
155.239805359052610
153.910210068595546
157.194885998370609
149.498276806279847
151.669611342849123
154.736459643516127
154.142839976709155
153.364532916736152
149.858852728663408
156.620389911658094
150.300406065738827
154.134793900085128
155.740940680843607
154.601493473596577
153.903528389957700
157.452968248185130
157.663995518284310
156.894937036980082
156.926178905005912
155.366519345822439
158.411320223580503
155.220920748112007
157.113330850227840
156.490431599600271
153.845930705253295
155.364701574019250
157.590793811706021
156.768616074682456
159.539697930828225
156.395863531128441
157.012233571628940
152.640316570301366
158.501262460409777
157.603004688189458
158.113571070928117
159.953760079325320
155.720859260453892
160.445745697579639
157.753679309582793
151.828096653878930
157.233840234252398
158.278330684679219
159.508931893204959
158.327217815637880
151.387939285719483
166.157279093155466
159.426584090276805
161.509187729959478
162.101030694766024
164.234980831934337
162.910804783243009
162.805125567274587
163.130609494589976
161.390463116756450
158.317284236740903
163.360641810002988
162.602123053158749
166.404313951592286
166.649409021834487
169.417132504137555
178.855081298230459
183.463016960874057
187.659072894030544
187.667763019564518
186.907691833591230
176.815820184487535
191.111998189051803
177.019162543848097
193.889028242306665
193.779916215800938
193.715873538377224
190.684141906984621
190.167042237635968
188.898230592547520
179.923646007944683
189.699492117253357
176.916647099112822
189.806714877669037
195.919752633555191
187.983743457370281
183.041531621160175
187.852625176501533
186.208700636229366
189.478921545500441
180.077284749529326
191.300264418098209
190.636516240454739
191.298186039860695
179.986507114813719
189.506628713289729
186.271797605183309
187.868737973277291
183.063229955393012
188.027214047342994
195.952146383690945
189.785469210687864
176.891116947583782
189.639868945805347
179.869622133453220
188.900014853925569
190.145879604601220
190.720154417406945
193.686764045549239
193.806463854233158
193.875458775682262
177.253078919121378
191.090329564526911
177.232821223110903
186.817432561242015
187.761486585109338
187.596294361228814
183.459999593788694
178.690049952402177
169.096510464907766
167.316790871017361
166.764512313285280
163.682013112083837
161.820120827954980
160.394441238089541
161.073611084752002
161.754031589026624
161.623973553057738
162.088747323573983
162.425714351197570
160.434826437869106
162.280355986390930
158.918202433895857
160.364599778514531
158.038445059724836
160.612120344315997
160.411722943276061
159.284504775670854
153.905046778247709
152.526420676447827
157.637408057490774
159.484061923231877
157.359317614949049
159.631967476488285
156.831319710814284
158.019167891371637
156.866752743152318
158.663254135964024
155.275473727327636
155.980187732166399
159.648904821982171
156.050311432228369
157.874706626998375
155.743541943005653
155.412510035981029
154.264780521750396
159.258457889335972
152.382213687254165
158.431375891281277
157.990966155700391
155.398060209675236
155.944625189785285
154.428185986228129
155.629488045817538
156.616965524061442
156.288315106730636
152.633610661168404
151.115322853717288
154.560204807536905
155.795563621724085
156.526739157446428
156.545280024667079
154.215697272559538
154.796816177346471
155.808664034726064
144.115216531212184
151.102357550145598
153.612952899434418
155.971281770202239
153.577460621243233
153.442914593580895
151.981707410098835
154.168704641803998
150.497394834258500
152.296863166632363
151.563885963042054
152.052833410962080
150.158883087361005
149.459413274438276
147.504592663776293
153.882328584490352
148.132131975461164
152.503500596806077
151.763337475125439
152.010210338222350
153.852548716044765
151.423063708731377
150.737094675041874
151.199547125999061
151.617084167614365
139.663216577029090
153.491042147501304
146.953845662521644
151.420805387519806
151.380664441274718
148.383060855306866
153.010732711804991
153.783159274120635
150.426245658145177
151.606986874709037
153.876477456837904
154.837409899044161
149.411001917953911
153.680862693458351
149.889090526405539
154.683664624925768
148.847646589637066
145.676600528967782
154.061635091036038
153.792729020191757
152.339160700966772
143.189790281326339
152.822124989507728
151.384336890363215
150.717410670159467
155.242697964419705
149.924518318848754
151.730266341408935
153.030230789513610
154.857063771495149
150.122431693808778
152.008797630808203
150.477486131708048
149.094603849807044
149.000869839866198
150.884032294478743
152.568513903256985
152.154616202872148
145.144038017161790
139.447160508599097
148.416840774552725
148.674880042975445
142.404128104672850
146.663450380560391
152.177203378101893
154.378153978090353
149.942423976336386
152.158743605492504
146.241761151046347
144.563191860062659
151.262837233864076
150.773014546295599
152.425460942127330
149.148241631712807
155.010734974321792
147.924304037769900
151.507774820292639
152.017697760846829
149.106482490489412
147.319107504819470
154.895159763799029
141.964489099283071
145.018458659881759
149.531613278205811
139.793661534088727
152.342566711529685
149.169257612790148
150.913968349293327
128.698816239586620
143.607232024044123
145.068929716966409
152.288878829742430
144.743226376373940
144.720200986859510
153.887771026501099
147.384516913277935
146.760860830869262
146.931246488265032
147.844979987500665
131.543666708788038
150.457193575094607
144.398125561165671
147.563736576213074
148.744918412312956
138.978569927697436
149.736536512579448
144.137759189071119
151.043123748259262
148.843248197035848
152.361325184243356
146.456647359007320
152.727539828255971
147.149803001440517
148.642654682758604
134.667712979323710
151.065349580397651
148.876419750673421
152.457751429025450
147.420710724271316
150.801675107439394
150.343613254254677
153.864522506286988
148.576005019234401
142.981357211068541
148.696684839027938
143.158395960787800
150.886671106393521
149.617791813735437
147.059867039965752
149.421807224823198
148.544230656971081
136.340440147719391
144.486946217262698
142.054943525491382
150.136364807370597
146.198746926872019
151.661305779543369
149.885602503407284
155.264314205403423
148.359185624497087
146.077528175612713
143.450166913836654
143.804917009502219
150.242155847632489
151.446317778776006
149.906070399758676
142.125485076134709
142.462129344674310
149.372326782019115
145.663045420819600
154.286542430534013
142.833189058680972
140.809341388043805
151.521787978967978
151.450258048940242
148.755024830228365
145.998650560892543
149.749768657934226
146.783396643204355
147.261544612947262
146.702962359371440
148.788338841855307
149.699061497235988
132.833871017190233
142.868255975754209
144.622804022205543
150.103015041167509
149.457988156169336
145.581003057640885
150.293000171061124
146.730882755044149
147.545666548552987
147.798947304911906
147.251206710336504
150.610939419896255
155.274884159412750
152.180970972015416
147.705293403508790
154.322396091983734
141.149202760737154
147.096916670623671
147.030423445391961
134.638444476354834
145.657173617360883
146.827687362028911
138.000184777974482
146.771506476403204
148.506414809674226
145.456623181729270
154.856661907763254
143.292290899721451
138.570724840715400
154.286068301898041
145.473702355883233
141.308775225491303
146.657882757345789
147.129920348658288
148.529231666461897
145.436759373609505
148.192904280802679
147.478234494061297
146.389202145688955
149.676026548916496
150.121500444392979
154.231277335120353
142.339167998669325
150.198188812315152
145.354444494519754
148.529633973423614
144.154013856568724
148.842609194886421
142.947224444587192
143.218554674579593
147.963319899581563
149.431106507581575
143.496132895969282
148.496192093587126
136.075578737870273
149.576337203002652
138.182079418124886
151.358127013879596
147.731263913078010
146.130738979646793
146.869994759221186
133.804021210544363
146.249237793823511
148.064551693998425
150.016573518497580
148.591156010819759
143.966985272633224
137.720589144550615
147.778109368145294
147.365142485582254
149.429228607155494
144.132324296709044
145.564627566796815
146.731254097692641
146.184215373118235
137.035287657934617
147.809339009329392
147.065885435539911
146.662364005249543
138.678726779353866
148.718444532317619
136.587758024327087
145.601314155240118
149.739529493847925
151.701376868987495
133.239874537310271
151.400883513224699
148.639281657944224
147.883345710945207
138.206481502027685
152.015980327399177
147.942351070011483
146.273944964086439
148.832522449065436
145.714142252105660
137.661445967841331
138.320591074451357
136.379161088453060
147.088290529116989
149.184166463143356
146.862252970261864
149.754666990991893
146.236149682167365
152.310083871132861
149.963882449569070
135.148523865605682
145.839066112193791
140.596964446560833
150.890880647791391
144.162552440430147
140.387483646816975
149.949608888279158
145.281547482686733
142.269582897808334
151.042204863635561
128.315039342324809
145.212743822709086
148.842825699112410
141.841289816582787
132.747118312764485
143.836635652354204
134.593323170142099
147.336904963509284
144.694494321025047
151.841903073400914
151.315783748713500
146.605106786817913
145.421645812329814
149.119272611223693
145.170826330749946
140.285996333684352
149.911402153064103
145.512044739418343
147.694711396658761
133.705179757707668
149.434062187819052
138.350520049786013
147.860451553769764
149.171583964844928
147.825404480556529
143.836054180663439
150.097292605238351
149.824895951392079
145.019309556558909
145.907099918405947
147.487979388902943
131.931111824897499
152.550004699692437
150.087656647087101
