157.902977717751924
154.619245282015669
151.384160048524961
150.412553313061352
151.858983895131672
156.554904754645179
151.276072382289328
154.529457033592792
155.813825406609340
156.016097581986742
155.101649117215544
154.962555318507128
154.181517473079850
154.136432139881521
154.416192579639329
155.263785225628084
150.889089270923932
155.050546894340954
152.600399469218814
151.332187595829197
153.559698648623140
156.169179457030367
156.012636962137123
152.077417393294013
152.649556186037557
153.567549735340407
151.524131168104248
153.087590129274588
155.466349195140111
154.543402663412223
155.415800969906229
154.300734778175183
152.142489395463826
154.327753154490551
157.304621011743734
157.433920865766623
155.523127440068777
153.926437005431296
152.458360487576215
156.867231784579417
156.375796481807299
155.635755251557470
152.847706798686033
152.496913012801542
151.961435969990646
154.299315932308446
153.814607817446046
155.154882090543623
152.145399479421201
155.402080502957034
156.031382853894058
152.907645601549092
155.046434911119803
153.862755811593047
156.211518427326467
158.132780230007086
153.201345073779692
153.670644006594387
153.447892858217216
154.850496517108240
153.991719275209903
155.924899451101140
156.332790166340061
151.643775876361076
155.480330195161173
154.181873414201362
155.883149841115255
155.888728978220655
150.912216638982386
155.513966414904019
154.055621531454818
154.995694553825302
150.978739139918162
156.829068470369265
154.365104273739149
152.687728163767844
154.472316441794902
157.095288885361100
154.145603937428291
155.303011478005345
155.928312282019647
158.280204761416428
150.440306441706753
154.510781468923597
154.872317721112609
153.344696442463118
155.373096235008120
153.870924797619409
158.474568271544712
151.782215024480337
155.702690811431779
152.036302665330965
154.871960371963610
154.671307823496250
151.018327822785494
153.445770908854911
154.533804776788827
156.920615343692134
154.261512572669602
154.936692005603817
154.565068493757906
155.938230263138223
151.898120095022790
155.245264730831110
153.801781726842734
155.755828184608873
154.362406182580798
155.328892287361697
150.673650725535111
154.017449883639358
158.087192271789519
154.979836077668779
157.387665383909280
154.814041767352080
155.716067799007931
153.360405384995460
155.253431033168908
154.797476281492777
153.459962139573463
156.198345229305090
155.015850002375799
159.099566549552776
152.492632462086647
153.057736012689105
156.015862678457410
154.120516817188076
154.333117137399370
153.216036532187445
155.069175252276011
153.351606323344697
155.387292438832958
155.822199691550253
156.924907847942393
153.753038611008378
149.967063286183077
155.356944634245934
154.993435486128362
155.801832189427188
150.899279053044552
157.325162235876491
145.899448314376286
153.120833447560130
154.850647089534760
154.039636383564101
156.633728658420466
155.472830276911537
157.867171948818054
153.432585820779508
157.154399579239509
153.403902411086506
154.011219350081717
158.480333968986201
155.903638713307942
157.290149372805416
157.085163122132371
157.643030819141302
157.292518855396224
154.825226169935689
157.037608303195753
152.253213231702546
154.934248242690870
155.781045162437977
155.372587857450497
153.658555898968160
157.087091508483809
153.007574226621330
156.688586645156818
154.530915788728180
156.571200355321309
154.572957022163422
155.749061088121408
155.872182410882118
155.974802771363585
156.366485490015009
155.904707108084125
153.693071061051285
153.992010195437643
155.339486729006978
157.540806145647963
157.508884070419356
153.136048943805434
156.013453644931616
158.775521638009593
159.267491833391517
156.963019764269944
156.346233315116365
154.407833536099588
156.585311592088033
158.422616230701351
156.235802544228875
156.904720304538216
157.969070461427521
151.168060633204078
159.649762333811850
157.841721040959612
155.425869483587576
157.305490279358423
153.575501414879653
154.654901284919021
158.638059367342919
158.446057997355467
155.134821027241998
157.859219019175043
159.344440716039117
155.995436756024219
156.598615510236812
156.658449885897795
155.439842750265285
155.628863331243167
156.717260787639901
157.533002992417806
157.840981356375295
159.462813853748230
156.111709385233269
158.931507697709947
159.048834463095233
158.461025572424205
157.793304995441559
158.667735038761805
157.501986694458338
156.466097464316675
157.142704047546545
158.415437720569145
158.681345576913941
155.272331068119286
158.688089969625196
157.936467059880698
158.107624592982319
158.107354686060944
159.224171770714634
158.079174695087602
157.535983480078869
158.914353130687658
159.290304737513452
160.518717779649421
157.689355423088756
157.387479590535264
159.047281039593400
156.655789535253547
157.952469646547684
157.551649545686644
158.680054826363346
158.387122579801087
160.628159917732773
156.950309494698303
158.866026712462826
159.760985761388952
156.232671271129902
160.070115292537992
157.664852424699177
160.325278153964234
158.417733920062631
157.828741970952450
158.690627875060216
157.508797449187057
159.611602621234624
161.716866303011159
158.977495065725265
159.883894811104341
159.517037813307383
157.616176405640203
159.157135940444448
160.972603694315097
160.386719741375771
158.527111791946766
159.968969524207210
160.987347433056357
159.917146512554297
160.645351828878461
159.861391866864864
161.337727847923446
161.741414801555266
158.185952357219975
160.271009533855846
159.530716596420945
162.400471246817858
160.693015109375892
159.518180567958979
159.999873845764228
159.812717616541278
157.376598805704702
160.112652285776676
160.200101690729866
161.474323870071714
161.850620031870221
162.260927889232562
160.422591295456158
162.262059346216461
161.070463664607331
162.974299394341273
158.524119337318325
161.322382889907828
160.981546877571901
161.427554980517073
162.356820064406435
161.761747045905651
161.981865661704262
161.806004325142737
161.652033897989497
162.341818675151757
161.330102931760251
162.730684166776655
161.297400379150190
162.888205227276046
161.653701512631898
161.548887626933663
162.768676160136181
163.458409789138443
163.795216088777806
163.268363449288756
162.622985479054535
163.525825583378122
163.151560542353138
163.232045178953115
164.254601264727512
164.584069648234959
163.895404657370818
163.826890815730678
164.471641065400490
164.134070707736555
163.178391293210325
165.119794348241498
164.890913851826497
165.079396304658871
164.575811181626932
164.577416493064987
165.669726214723937
165.251504248536435
165.769054809620798
166.004151594072198
165.524363568500632
165.545438340791009
165.803972829795384
165.484571477366813
165.159940672184831
167.429377108270245
166.371518203028614
166.016177376692013
166.546158564412565
166.643317451335577
167.379135950851577
167.742282622166414
167.368458291904233
168.216770411090664
168.645691583091235
168.184563903230526
168.579767343197886
168.113692124645098
169.153561892457390
168.711432153332794
168.330045754295440
169.618952777902109
169.387404851168242
170.274238543939276
170.830546843947957
170.799102664950624
170.647971650052000
171.930072356716977
172.934112329828793
167.715618717461581
170.541741802726222
171.787145072212297
172.762209645189103
172.717367705842236
173.376066053161196
174.790063392661949
175.007950489528866
174.649899889938979
174.171879879610856
175.493848219217227
176.586769070368291
178.562308806873261
177.966158446880314
179.879663946986341
179.861223100559499
189.731115921361948
189.378971071247008
179.267365152003435
188.881581030270354
184.355210924236872
190.658013180699328
186.915859452629491
193.376867488702089
184.671307968650211
195.074465734588841
181.128214414813613
192.959314665033901
176.758588566546052
191.327337829108160
188.514689702471827
186.153244882503401
190.753604017160285
193.618994884786019
175.295496050211511
193.108627737773446
188.038397401335288
185.609405092429199
174.816682759807463
187.135162999636748
187.996226753811982
191.318336787852900
188.039481995606963
187.193001130138299
175.314146472950426
185.685479677384393
188.058143340806936
193.086686543569954
175.207684942152156
193.664585533698926
190.711313557717006
186.142958758711700
188.556774265040985
191.369107216766963
176.958826962374246
192.933194244489243
181.169826660061801
195.111593602582218
184.660684755219563
193.411965646643978
186.937645670621009
190.719073925822300
184.521401607358911
188.897037400601050
179.159216161396273
189.390299148107829
189.765928470195036
179.953909736766747
179.955139622515787
177.966856371159821
178.396004374349104
176.307146128909238
175.454472727269035
174.269897781266934
174.949699166910904
175.008108685470518
175.112617353905705
173.370143966791915
172.997073015439440
172.645020860963427
172.770008873566780
172.005417421211803
171.319355781812760
170.682126343317407
171.390009880076832
169.691740365317088
170.343244025144486
170.600514501051805
169.086047168675975
168.964563114730652
169.236751124538216
168.594000595276867
168.747342747281863
168.682554143846914
168.521890141953861
168.329947820181246
167.587433883399626
168.769795912744144
166.976429211654704
166.576478623047535
167.015894383547504
167.493184834537914
167.063307140145525
166.799416246212672
166.571621797710520
166.718430156610680
167.591007099756553
165.726451059618682
166.139010325186661
166.048239620121649
164.442583831459388
164.953366658766811
164.524912514943765
166.167723011274575
165.597647565141557
165.232818936939594
164.572011296607457
165.570463499392389
164.884025803030283
164.756555523891905
164.653747729254860
163.321832402468146
165.008328885554135
163.386752139140157
164.944870846743072
162.128205347712537
164.649640613844667
163.227074699094373
164.200286340184107
163.509829661533729
164.531721577491794
163.866406496711818
162.138844542717663
163.347782621716675
163.171323758912308
162.480802345000967
161.571456587883659
161.399427646176491
161.863542064358484
163.209236989900603
162.255819816795935
162.187226385214672
161.048661997674685
162.927083790453764
160.546705283262384
160.969620449071783
161.802387133615326
161.711186547889213
161.044642671359924
160.132750507097171
162.494566506460728
159.843856962861310
162.484613097223843
162.281888288343197
161.448154067460393
161.195844531435426
162.053133576068234
162.649368706215654
161.041323385089044
161.024549725294463
160.899319482334420
161.014818559112655
161.368553615812232
161.205782685456938
159.499205425679349
160.911464058417835
161.921086510636798
158.534019689036143
160.510918097828949
160.164413339214832
160.729806413054177
159.952746372173181
159.984484611806010
158.857253363868949
159.934487908737538
160.664059908657919
161.607086885816557
160.880666268169563
160.853828098357894
162.275217985248332
158.926819121726396
156.918862007240648
156.533703706849650
160.396715463645819
160.034130361255393
159.666888049353275
159.628096997076199
158.886522702699693
159.089236362764893
160.921010169478620
159.657424775030250
160.550896691378057
159.396107062645342
158.478809904703013
157.786708164126310
156.278746706179476
160.184608201834351
159.675109485807354
158.522221261152197
156.933753474250580
157.234062469350249
159.198987370426664
157.859675845268185
157.792757214034481
158.655887448552136
159.761488305309854
155.984683060985645
159.624464468810430
156.444357025329055
157.226674576768630
160.017032219155624
156.810535860254731
159.043083900598930
155.472182580972628
156.370419900127985
155.811500001258935
160.185141855810940
157.217720688262546
157.138218314987711
156.010221820858192
157.897139867037993
155.509012890239291
153.574817430119708
158.815220843510986
159.139365303611896
157.526032671189427
156.198337317908653
157.690179035585800
156.197951909511630
157.633614650606688
159.602286743587968
155.566302864011590
157.752590017818278
155.755296300361408
158.872906089622148
155.378609887790162
156.267886484727654
156.574696923150782
158.735103870935433
160.371009912679909
159.459220588339235
157.625428940488575
151.757785661917097
155.262276365741997
157.348640162190605
155.219348112589955
157.644259832654228
157.253134087984193
155.705865064075255
158.369971476470710
155.417497314555931
156.787747781060517
158.778057441262945
155.573791346615963
156.468322494453503
153.620161233342372
157.663224804222637
156.529990065047286
155.563668758183724
158.178282496391517
156.208073117051498
153.221383340013972
156.142682350000911
152.196509535881376
155.328192548515943
156.059390219480804
153.049699051087885
158.071466093037742
156.837863385745095
153.606715530927943
155.798549867037764
155.682107513836399
154.479923754911908
152.739835755220838
157.053528989863906
157.452034298144611
156.401381440939787
156.026273544335425
154.784765409005132
157.349338592873437
155.282403559735712
156.347571987768930
156.750897323444320
156.417467196889305
155.839365764187789
156.278154046036235
156.313049993737792
156.799163882665169
156.327425883208264
153.556455561095902
154.445615468755136
152.691077543286411
153.617301601645721
151.570760684731908
152.954735750948487
157.153687472247043
153.418968927793998
155.646052156397985
155.233491176575257
155.640196519543679
157.936526954762797
154.877933690952176
158.144463517335453
149.577982589993212
157.976526289499759
155.743433386444281
150.831683153129575
156.372803928297770
156.342469228050163
156.939060358749828
157.559120190830384
156.285137711510856
155.255473535501977
151.471946145575629
152.323155843964940
157.063020155853195
156.584509371564991
156.171690565807182
153.958287141829430
153.704193625421397
149.545045383261368
149.807656835121691
158.344655746079809
154.559467253061683
150.974621655784176
155.352926584167733
151.100666626636212
155.588638125806568
155.167633402693582
152.116113322283525
156.430166842352321
151.783284360318049
154.859985156822404
148.705369706281289
155.924160763974186
156.637139967691013
156.582689060089081
156.848082802837666
155.933449384263668
155.930487975401917
152.370900309453418
155.801676493435906
154.225985724047376
154.518223683881672
150.278154451088369
153.688104582279152
153.353487740245043
156.649551363593531
154.732115951519489
156.313898622294516
154.680885258017923
154.677082164405817
156.375275562058761
156.178784666643139
151.360451463653305
154.697202774250968
154.392501556210277
154.575808266751807
150.684481291775711
153.977849681301279
156.029938991125363
154.270269998237836
157.424488621636897
155.209641469648005
154.718399413746710
157.366392912696767
154.207501639005272
155.981421460001172
155.387866273457888
150.739966521417898
156.704878615369438
157.609881562395827
154.210670624029433
158.618110532309629
152.572023028478242
152.123207224588441
149.792793599974175
156.892192377311574
153.261140024823476
145.887958395372664
151.511107629470757
153.918340259706639
152.729005586897159
153.039316838675063
154.053761365756088
151.648768741477625
155.479625316334051
154.836325405761187
154.198311657438182
150.930017079544768
155.033733299364968
153.589823079368216
156.120718298385441
153.357301978767396
154.366327518377688
156.516149528793790
153.730663051066443
152.046659464501971
152.402495783413713
154.053487885469110
154.591391714153445
156.092281776690754
157.520137364077527
156.075100190072419
153.986637902856899
154.859540709529796
154.524795730266050
156.528713919496710
156.096528365389531
151.811037638612135
153.914393920006574
154.001168488769167
154.860639564995211
152.723620668132526
152.048934947599406
154.954225985237485
158.534842236374828
152.672659964039639
151.854407384314641
153.983405807339722
154.837327985748516
154.582927873913121
153.607310634914455
153.063114203640225
151.196602209887828
153.188841881204524
152.185746510016571
155.261566261492845
154.792183729043018
155.596448288844641
153.852053385399330
155.397479202710770
155.245838882617051
157.545935716296128
154.694750379326138
148.517443060303947
150.945838562717228
154.757808613428068
154.661710337041512
155.387061126093869
149.382853308712811
