146.373622644305556
143.157778044254968
147.170071870964108
133.609674910096970
130.027432721600178
139.920471452241429
140.207061868626141
138.409146108057115
153.879475478228130
150.928585077598257
149.977592156654737
147.695337444402014
140.083869832425933
137.553728462273853
149.224197395737377
136.397258524497545
141.523633973837178
144.521148894974033
139.295699145778713
151.059501987993372
149.271892199118383
145.773778640976815
141.328826787589463
149.211833676140316
145.274360346812330
139.692631980679323
143.045303401708821
145.097136916731870
145.157482465992274
137.334048527481514
140.305715593665809
144.173827053727933
144.864247770292479
146.916042804328924
147.338307110211531
141.311668128568130
149.564261797060055
144.720293399038809
135.327239816540327
134.519369821114338
142.916902971559182
139.912087291493975
148.889151938566755
141.558588951923696
138.667429348493016
148.476287564306205
141.516477067192966
143.851049998967881
146.881411955689543
142.543971031344910
135.899607648839407
147.275738786579723
148.172987981403082
131.702759309039891
144.733648085524521
141.439179279461484
145.330412122889754
141.826683122824647
146.877892775034638
145.530010022853929
150.032280500549490
133.082516590866220
141.616236952566823
138.431130919575054
142.115183032208790
127.158345840043538
140.854693135449224
137.009716361760240
148.243119114897326
144.875713266306036
140.898325816129329
144.775629093385817
138.459915376406514
135.742458549673330
145.119030155697203
133.362949911834477
144.080968377835632
148.796027610221870
126.944598713372130
131.796688488858109
141.284978596138615
145.146137853367208
142.462391591004547
143.363535326663026
147.194151622380332
141.135208693079591
146.688064861678697
137.494860101414076
149.985245487644875
140.722483378904258
144.405862075925199
145.284325151862220
139.600789769893822
140.031028768419390
143.285420410261139
136.254652175234867
134.245975572404518
141.882213365345137
144.252415282830498
142.095576563852575
142.978257918083898
139.376098184736350
145.411407379607567
141.539024862355546
134.181991954741022
141.423420094507321
141.164236495191915
149.912204091130207
150.581045943656562
146.523488381440870
140.983077462276128
145.494624248572308
146.491643329388410
142.124898946688461
142.204872129437973
136.401446000614072
141.365447634166998
141.260035787854832
137.296492416384922
138.358999178638641
143.657501593472062
134.947488631511078
147.074430149802481
145.157630146001452
139.673446016569130
149.168491021058514
120.807925863550480
149.146254198802552
135.634618955633840
143.205198083646394
142.579066934795236
143.158139631776180
145.109430896144204
146.422601841973432
150.522463885362441
138.590666974575214
145.769609478257081
146.539658468790549
151.300686357151847
149.028806811407662
143.727020422357668
148.078259525566637
146.330667820832758
142.358307405931413
141.430200531574826
139.704234358482495
137.296957110419100
125.147111962422471
128.051805890257697
146.483418772598412
140.998401212877269
142.998874544840305
143.335994016915748
138.919462888000709
143.782991725298558
147.273675220841739
145.026553415239761
141.225824867685390
143.676241502446373
147.635084614799098
143.252460490830344
143.375138795280975
145.711091459155313
145.374805183824776
139.737534885414846
132.116773758684189
145.137791907534535
149.802176566407638
144.974827738351962
144.987396507327588
134.313963533561235
132.234542872599775
148.465176705469531
143.242062698512143
138.927784702557403
147.721833427187647
149.143721257914876
136.994352139694712
144.299630586867863
134.652829258276370
143.399405236197879
148.201609271057691
138.354783079248250
120.447348039203604
138.033801967877793
142.808810015250941
137.205763842221671
144.412271507067260
140.366029001607359
141.726561267436722
143.594436124416774
149.004635982628429
146.177611406377707
141.643033395798341
141.985255148003176
144.028019482961980
148.787054853079070
143.763539162673368
144.217087933916474
146.405330985586886
144.153432337708409
142.820299239275357
138.683466154115933
139.742407845269156
145.661595013121030
148.235873230371482
138.945477072391952
148.566033225145674
149.741043731385190
132.197927809984662
146.383770674487295
133.484779384395551
142.981245312238855
139.683395188947287
147.670021728501666
139.361718110032854
149.666652760737463
144.436549685337184
143.068748986674734
153.070639686917190
141.793855097736838
146.706841812817515
150.421094628689872
145.039962523482842
136.707045321096018
129.903725649571953
141.444282481901610
134.714625813821556
148.557245781598908
144.287863731135303
134.978040829556676
144.004472978866062
141.144400058910861
148.317369383050561
133.851210065207937
127.132008121198481
144.866475046041558
142.074973176626628
150.523375116900581
145.419843517570683
150.531811464232362
148.974807473693545
142.028580132019840
142.025110171097793
143.312667536585423
149.618793899876351
144.359380307299972
141.943502773369204
139.203857023052592
136.403171002119905
140.190496617320264
141.954459140530446
139.445262843763970
142.186262745177260
146.266111599112435
144.658890523801944
144.581098485516037
142.090893188747401
131.656611645904775
139.618201389029451
128.534638678662930
149.536055229868026
146.265465912558653
139.957592056956884
146.804927732998692
143.438535162836530
143.139183448129728
143.368181851794219
148.841566232339289
146.586259873931567
141.305973409653404
135.810441457467817
141.023879484525708
141.772677454581270
141.750125804133404
146.084625665809995
140.430836444300098
144.905149396689012
143.129786307537159
147.698799577667785
133.064688975374622
135.445252763093777
145.974700349049954
145.047944082770016
143.259971908750856
143.373933136838872
148.325960014712223
142.730980617645542
134.032216015972210
139.461619480806036
148.251532537499486
137.197990980095199
145.879108261814622
143.613792045233765
143.115600630136043
142.980965687194555
145.828066641703856
149.392762687099662
144.413391298348273
149.467734084781824
146.123234278459108
151.675086815045120
137.223876299709985
127.040901278754262
152.838344152432768
144.329632590434613
146.155535777532975
136.915735871411044
144.356558109150313
139.844800157777371
139.888948511489957
137.230989920116855
152.242661575550756
139.050440533873399
149.941976058887064
145.831948686289707
148.229918110640767
147.870228907490201
146.551628685036405
144.854261819538948
148.632088764761761
146.142324893035948
138.057825125163475
147.635373923992148
149.244579434304228
146.373682881194270
143.956675641675218
146.287540805185586
144.453377137161965
127.107604564696842
145.091386452493992
140.862985020991175
144.832658039056582
151.144175521814418
151.355746670774010
142.423043499432652
142.644854750324413
141.347696972755216
147.562343205389112
145.245829171614048
148.677706355121813
146.063466326468728
139.372796992890187
147.504036560911373
145.769363068726364
151.235625052080053
142.003558819304942
143.877850220166181
145.404545353451880
142.162973577969524
147.113505918978547
148.185168842289727
144.132789691235843
153.507443503323998
140.293196606252877
152.729763231936829
152.646959925608428
156.295027825990530
158.451885981274955
163.178213890068605
162.641349855824842
157.829184459803514
149.592034415182184
153.369345619746696
156.443113043306226
154.732158605201590
152.710476369465539
159.641448776923255
157.605278723217765
156.491162355211372
157.947846553833898
165.408742726054413
160.254024752682625
160.547062718694463
166.572386865757807
172.743998219225858
182.753076117589899
187.737485827319830
181.152577203799865
178.274601504954404
180.462638919025295
195.892624684425073
188.692644116606743
190.750915523540783
186.410206928952846
182.735783917471082
185.589022238069731
184.938886331281310
190.139794473820189
192.707366799410551
192.874398031534383
190.217140756988897
193.284070551282269
183.712376399238480
169.510024113457263
185.290284359549020
196.085114483235202
192.453541924495823
181.937021715822027
190.985587804891622
190.561414706861399
190.976808203585193
181.788603214158798
192.471347851628281
196.091852053256332
185.347234346970936
169.360121553613823
183.745529118074558
193.271969292840680
190.288045520390796
192.855400299072670
192.690283787651737
190.136027818897389
185.071998187952545
185.647020639025470
182.807337039197364
186.392321614977988
190.697157351436346
188.745621799079998
195.937513192878868
180.480288577917321
178.492157119573534
181.251862022340305
187.741237783484053
182.869910257486254
172.376603695513893
165.709887893107322
160.024377490707792
161.112284974916747
164.904456717223724
160.849468441514006
156.187129584279063
156.963971938785903
159.192999370895990
147.778739135132270
153.391899764691686
157.003149273672705
151.005965082117001
130.246507574221681
158.015404364664818
158.258396197213045
153.243132770091449
152.883985748210648
153.889619794304110
151.137912920326414
152.998532049249036
145.697608242765824
154.054775189408872
148.545171453089949
146.203005463604285
141.524263539142908
140.952845365369257
146.189778393760662
145.403559012952456
144.093916580465702
144.417125094245137
143.975384140958710
145.243949987505687
141.684839563131732
140.171373512347145
154.171298302863534
146.094320424444334
153.341513232005468
145.126595622500474
145.680587146401791
135.812816129362204
150.430083840305372
149.109459122722825
148.311814742732025
141.478375343235228
146.066728157804675
135.053995913935239
145.303588242761435
136.881133938593933
139.923626940517977
138.346642836290698
145.659054419806267
138.741268084215278
140.261435055625981
148.922896252183023
147.684122379504174
143.050982263023457
134.585031191551082
136.893106270067136
150.142409631794408
141.714596029194695
136.992746214243795
142.528169793873218
149.354216448259706
139.847337347658254
141.354827863945502
137.957754219263620
149.787068208591705
148.266020560447259
142.531504748122245
144.704634977103154
150.429263914579622
151.402142053276719
142.069161495518870
145.734043240992975
145.537870929399105
140.552920610243234
146.788737451983422
144.504560737090401
139.440780415250799
149.840304013235595
146.753191632178954
142.101993747350519
144.519993479070649
140.942379861095645
148.184010644864344
147.037134900608578
146.431499065612883
140.980058611305196
145.819860508127334
139.827737241355806
149.250414407417679
141.896970177480227
144.850548519611380
143.039568369287935
141.029016639745635
145.603066485033708
133.270024775440191
132.432983844729392
148.990025782686189
136.804641584132071
139.026078824945699
141.041904671873624
147.634348235490251
143.912389878330373
140.925268782458517
154.209801015166505
146.039027552866145
147.651753568006313
142.529805540656923
145.879281060801929
138.421320428040303
143.276392231546623
148.715077024491620
152.469210163380552
132.761444658632087
140.160081856866782
136.948557066794166
146.203896766035371
145.125748459772751
148.933774969172617
148.463921181971330
140.597056124054319
140.834722158302469
143.883376814705230
135.029128893906773
142.034999539816397
148.728452899441379
147.251061081363787
144.476361324657518
139.269116940733568
142.754896339301695
144.492253932761884
146.535500697450232
147.095771160381389
147.934201166451317
147.196475511453230
136.657244464497126
141.169824442871487
138.871424015635682
138.725499530683834
134.580542720944948
140.299937438997972
148.135328690332159
145.621482381449596
142.893716172133566
141.549057387250798
147.213806206158068
150.473596457375493
146.627183893334802
146.258427027132313
134.231626326825989
144.721633262647515
147.659064391695267
138.754641482211298
145.780797311931963
149.206227248423261
144.319460282053626
140.605479613750191
144.642121175950393
145.863604249742252
138.325788949269025
146.340405471513606
143.110041449503967
142.235237747215280
148.679630534940628
146.042044233641775
144.325167499702872
135.647901428752789
137.177306859963210
146.726294249488632
142.426928879725040
140.405465361468970
141.746665229758520
144.358760813891024
146.526504812982751
139.996638727242782
132.111902145138970
145.066297177115587
151.720683473293349
146.147967506021445
129.975364024579648
146.844009786914285
148.866509424182112
123.557647309386851
126.370447044263727
144.669418680948326
142.212195567561992
135.182995407306692
145.500609218668501
139.841957519858056
134.756233459074508
141.015946030784733
132.260334416266886
145.120775681406940
134.958265484123586
141.451635005232816
115.064890928613039
140.842672245285144
144.027733087476889
129.129404678139053
143.834382918397296
140.412683018582271
137.812813645406465
137.032257543153946
143.636843721813563
145.280340671733654
138.699335371104979
145.726892975189713
138.885456088261463
144.241452597391742
147.339047970539724
144.036465443500731
138.353506494329565
149.173765161078819
134.823617860619379
145.496730577254624
143.601420395037195
138.248288960092168
127.645958642516291
141.323643885522500
147.064058347213063
145.565057132772580
149.231600844804916
141.357670188138286
142.528945216416531
144.331323128785726
148.125236580330693
148.591023653743946
147.738980917205737
141.800772698405979
142.077218647929129
140.332653780497338
143.661253948037768
144.664234412307678
142.515670353262408
147.024186226441486
145.046627858101317
141.407307555879356
139.669543689651078
142.221424084878635
148.832862820653986
152.289101784573120
145.500120092383213
137.706523548572989
143.703014010475556
146.938934705845810
143.232191966271245
143.248990980558716
140.433294122801129
134.227218398861140
136.618765859957819
136.721123812905489
143.168774897289012
140.589413275334067
131.987296615863556
139.030796466463698
133.454559168962078
141.946219731455329
145.956195341936507
147.727139407773990
141.109348634781554
143.842141242517670
138.299856434111632
113.702610210885325
131.490718030369294
139.249594359344769
139.988412881970021
139.687487865151695
143.483154928237326
138.520117301728362
139.346404462956230
129.734427144940696
137.128345114351674
146.032678758513811
137.966889292973320
147.979066395028497
113.420685199134454
147.790381096879514
143.828431501610766
148.066133664794137
137.974003557224847
145.702984691641802
150.079823329995691
149.264659814382895
147.150793594429558
139.621536462524602
152.710125113012708
143.299699542235686
145.152765400497287
132.797256403484909
140.862510365142555
135.900483908420938
135.057842159012182
145.687132856128528
134.294100228437003
140.599259240311454
145.284600287981561
136.948138338538968
139.640496263321836
145.050000592981064
145.760087680005768
143.254171646258840
149.963906367964967
147.371608964754188
146.292647990354425
135.169305982290865
145.892872812925447
132.454266564970396
149.605399143467508
130.469643533165311
144.465538112434814
147.712777290728553
145.639508093113477
139.127553348572320
148.990189804125748
142.867467891223384
140.293645835103945
139.307894044554189
152.439371455154060
138.434094025468568
151.164024099971584
141.211619453385708
148.182979240598740
133.472674845101153
134.790654759844273
147.415528892961703
136.561484463112436
137.827296224216298
142.776171603763146
150.249614347117983
144.476785040915416
136.855307412148505
146.569479773252795
142.860945789050959
135.937940716391438
147.264706378328299
147.071854200365209
136.773988395327763
132.732054823657506
150.079521870212375
141.654478107147099
138.925702979888285
138.423322699206011
138.330252679223548
139.843291853859711
145.295238469466739
122.722795092760592
146.591807649442330
137.390962157433563
147.334442486076711
146.448113097291440
136.507082979706780
142.839389839881164
139.089542200578904
139.319610860203824
140.412942211866067
136.259177320143152
136.539789091290999
137.889176659380553
142.070617579663320
143.486263021673523
145.645769275671995
147.517299839665014
139.366934905734411
136.081071799030070
127.939627575635797
151.247951984981029
146.667574338743862
141.058237560417041
133.061420053159935
146.859206952172855
142.623085295098548
143.285613142752254
150.614969267591931
