149.563034660762696
133.078676395459155
146.289459536086781
148.261066572620791
153.532138648461171
150.568723968223651
144.365870504099945
147.897034426769750
150.239066177679916
139.727275596344469
147.001279303373963
144.699769568233279
154.722362849878778
151.864072893946201
142.532611294119476
151.114788781943844
151.671369388221819
151.691777006831614
140.943879064827399
147.695675889199947
148.522630288042080
146.289226384741880
144.853907739561294
146.092342993282386
148.670978999298711
152.683593386259020
150.215964552414846
146.339079187715242
149.106771945160915
150.042776770020907
146.073747865903954
151.550405011193902
151.296167862596349
147.220595002650981
149.805566899068680
142.541066647043181
148.349348919930492
143.939346952771842
149.734240611757969
151.906459884543153
151.215089716956811
149.738736910612630
148.723622103606459
139.417677091718417
148.333012523427897
151.240853424719802
149.093736499569360
149.954667694495299
151.747475820515490
148.515202639156541
151.301143391480707
154.663058184046463
144.063317258962087
149.182746392257684
148.398053055307855
145.761296228875381
148.137067449431072
147.632388787718156
155.017994077554931
151.260556537291706
150.960411807179753
148.591709194861977
150.002460972297655
134.172491476323643
151.983055089390547
145.854971515280027
141.793534491839523
154.677680685969221
149.942528328611075
150.273271789304658
147.017740377738676
144.624973720329535
149.175728087720842
150.929602676508921
151.870709607624946
149.047960296902147
147.932258846362913
143.074098246067877
146.789043801940920
147.295875048883545
151.170079119526577
144.592670023484004
145.301087308721094
139.435773869178917
152.313568572340273
145.814102406813902
151.219611396327423
146.377266698057042
150.795193114523386
153.070263497117310
143.419445919637610
151.201932333912168
151.865607471055796
149.178673595498026
148.484073216377681
153.179501511512370
147.577172618272357
146.808778939675733
150.066547527465957
150.985484540129818
147.331465417125969
147.541212228878635
144.992964649536077
149.340599724308504
152.886218077297713
154.495618773002207
148.999133028493162
145.234681890597500
147.499448436851083
143.487981560259186
146.264747323938053
152.435434393611416
151.883919462334944
145.242981165110962
145.824775876519993
152.344012514742786
148.649199999738045
145.252317291078015
148.059629190147007
145.643842397641691
143.571303838393874
149.081083179636039
153.850238755516727
144.345034598956659
155.205861622560661
152.871217084397358
149.927905822258424
152.426967155907903
146.296469657799321
146.804005950942496
146.953564266969408
152.898894048067291
152.804193319254352
146.482651141961753
148.098042795440080
151.782245679507412
147.363265701320699
153.565557088539066
150.458964727921625
152.876143821195029
143.774539891178875
156.999116215128481
149.752709383142758
152.530109446983573
152.672498742807107
143.074529306480798
150.686015925979575
148.609928213304443
151.473748696668082
152.039780127145974
142.315270378602918
151.848970070381654
153.461368911010283
147.913636768501647
144.270750848573812
152.983698537792947
150.064736085077470
150.553265990885677
151.140457809346515
140.416228106529132
150.485811040912608
154.055926484176439
150.682551708616415
144.261716790663286
150.664330905900300
144.314597574711001
150.546711808388125
151.742828439974375
154.295157155451449
150.387054422776998
154.382869103677194
145.844083811688989
149.629627179016495
148.559992277165691
151.737356281755865
147.983295727474143
153.343036228597100
150.763386017564756
152.713203587693783
153.008619987794759
152.659607579324813
152.397121367936677
151.617632183607242
147.351562418268685
149.360208458867760
152.248648544181407
150.544060041055275
152.677253999546849
152.690139915189349
150.776272041435078
150.944496712967918
150.724296244704504
154.208884629705807
151.258569421287177
152.976717105245939
146.878576367269972
145.612984695332756
147.184957462300503
154.415046255896925
147.859585895056142
153.357161598584980
154.545843420524108
147.545668628213406
155.048843855758207
149.849638037463876
155.445896991648453
152.498588528380907
148.302517954217421
152.838897274980866
154.362589627265095
152.921252092860925
154.174567249004440
155.366159676788811
155.441622324772823
151.100612605451317
149.160578099070221
151.877303742711860
152.333459235356543
154.299331077337968
152.329488711820630
152.753283520860663
151.429610591598873
155.698537090711568
152.197193824114009
155.748969985370735
155.120845532862688
153.475834717420952
152.070911055847915
152.178574485746026
147.327025018120537
146.196094020210523
153.748360460486992
154.469554102814072
155.743647612428930
154.216070379566531
150.744164648820686
153.449123111551671
153.361520451665740
152.521753858695917
154.005351956008695
154.406091926548186
151.629713972047028
155.096313287631602
155.389171470970837
152.657084096065006
154.649250517317626
153.389500436292991
153.025219692532346
152.168649490812442
155.398880275195211
157.390833229316740
152.501906309129225
153.860080727015571
155.828618199186025
152.710726596606833
157.119960949889787
154.427799574038858
153.618357257603265
150.860721865946118
155.924818995028545
155.748637640191959
152.392733073029092
154.313689361318069
155.136939401420193
156.320955851061882
150.032689183143304
152.493912054046120
154.930197863755950
152.575016945530365
154.291015529375699
158.289340703287877
156.992589395308954
148.238309223162673
153.426789791149275
150.608141159217183
157.644468408604212
149.306354497917567
154.406280193420002
154.985811870655112
155.486085026550569
157.852724423424860
152.566759927366945
153.653233832764727
152.679324833778310
154.238913322668679
158.465157928439567
149.774371842424983
157.109375218809049
152.670762797905326
153.162603698967217
155.347681874587124
154.584238289758332
154.953449183922004
155.058420333245465
157.923319963895437
154.369878913425907
156.980114238188236
157.369028645442455
154.423301156178184
156.691617444183464
154.195133758408559
156.730854907072427
156.768211108908446
158.472578189605542
157.798999265943934
157.114100162029956
151.549409793239988
157.563316056949930
156.148384043346908
156.412949861832772
154.686799465126398
156.122629337463394
157.705478595214345
157.738894022963819
157.220293603729544
157.371151034370456
159.500500170435913
156.316339401941946
155.305910439685533
155.862301798901086
155.752843892547531
159.470505583551613
158.802599129024401
159.797856449960847
158.831653509576540
159.280842290932696
160.660106656716579
161.150430988284910
160.509003430264812
160.024632592760554
160.329480472274497
161.680472843379050
161.296636617345229
161.002378223305755
160.282511226895963
158.414321921614942
159.893164490917400
160.388912957391881
158.087959561421599
161.172253982257928
162.713982179874790
162.103424395693452
158.770031942013986
161.732914963721583
161.143933657515902
161.932842334167930
162.035302279494402
161.672988137809881
162.630432489382201
163.840329481823346
162.841401670608406
163.407157326343082
163.974943182836085
163.682334702499361
161.976911802794888
162.124933014367059
166.469806858507468
166.490668134727031
167.914199683764338
162.192862448759513
163.832229294406744
160.381973146091809
164.700366815579713
165.493086044483618
167.024695956058963
163.805696242168551
166.180437930093177
165.042394116231776
169.108050342689126
168.441761675366251
165.192414187212421
168.073390969784100
169.962102631258404
168.559016857873587
164.294768253868284
182.429206393176287
188.787953221922976
190.865233970689758
185.147484448996806
185.398282889110078
190.635099043258265
192.475557728168127
174.775133139138859
192.737793906591037
189.917756252980723
189.255626283358481
188.641299864874554
188.475023844838688
193.378958320522884
179.824013565928340
182.814440647584860
193.729033790075988
194.993290961379842
169.363875247739543
194.531529744652346
184.185668019201728
185.020257689568439
178.550075740567962
187.489078930608059
188.858056111047318
205.633094676073682
188.908422565808110
187.467584407625395
178.302201422267359
184.922443832928167
184.162822846349059
194.559894652039588
169.483806931071086
194.989628710337939
193.760019205116407
182.840304080357726
179.901735504816401
193.354875659889103
188.555607715018141
188.619988300124191
189.264936282066742
189.888221013253599
192.739247343313309
174.661814671120283
192.510039054053692
190.587399315132899
185.412189995130575
185.146384394215772
190.918003597422768
188.826993830238621
182.547878870599106
164.057753916876294
168.564593121891590
169.919838551044620
168.405357196605223
163.801638449846195
168.219766701611803
169.147058424627971
164.526905607341547
166.762171833721652
163.754088825892012
167.198267714163478
166.190651836421608
164.494098981362669
163.457373709144207
165.941662646743509
165.213749452362890
162.923667426015925
163.713559617063282
166.181029613017074
161.165848471543029
163.296987138910879
161.410044398759595
164.807610261958700
163.485143891708475
160.214371413998720
164.288969557380852
161.570665075634849
162.691470162108203
162.175350188613265
161.420209183463299
159.615476352257389
162.608407740067889
160.955491838181558
161.829172510861895
161.840902337914628
160.721743133997023
159.351336956017093
159.701304028016352
161.296661886998152
159.507272858423164
159.603349217026903
157.952525975798238
161.794838776072567
161.776963988453957
158.541258042125776
160.211752025943753
159.351256003475385
161.066651805188144
160.043209395838630
159.878251313164384
159.923071211747470
161.120767093225027
157.409653741183064
158.110167374822169
158.130552843109911
158.455686643307303
159.319793062410298
159.319928113723705
158.362340224092407
158.744776531402778
157.436228155243043
157.296716887579066
157.398416785082958
158.334038247705905
158.326301008255086
158.441620962503691
156.069101411754218
157.959164947221524
154.475189060396019
156.262435211447325
157.243316859098201
157.205480865990694
154.958289586057958
158.037138245826554
157.129675414629588
157.545540838448488
155.208986820885571
157.342762923567278
153.408371815654306
155.543600346032292
157.987009046114963
155.933235650093877
153.597358812048668
155.709111090392469
156.816793967874929
156.463519553459093
155.453510209184373
156.213858781324035
155.425348603283481
155.920874466121631
155.833162362166092
151.975986840825470
154.827357196540873
153.847704637458264
156.927775790853389
150.980195652293020
156.431926256470405
153.736305638552921
152.871443023828903
158.763437582796627
152.540485881181553
151.061612968670431
156.979866222734415
156.444222898198774
154.001050725322017
154.726481487530066
154.972120165243552
155.695027369766933
156.352257090294074
152.359099835807257
149.215295332051937
156.717587510571320
152.628233570212444
154.537288387836668
153.691086442619650
151.799830075030144
144.097667046305958
155.645197179426333
154.745784627084078
151.223773055367161
151.047095022323560
154.949434380449674
152.081895027837305
150.721930822985996
154.609804985734314
151.263509026144789
156.675910191365006
149.001313177305462
153.775120630120938
150.064878457900789
150.478701974945238
149.926905589314003
154.332503430755878
152.534335491244462
153.723816046341454
150.059753484235046
153.452806083196606
154.198974913613029
150.259888715372483
152.234631089042011
155.672784808142893
155.731207631441293
151.565880342290910
152.185996914129532
147.870037941516358
133.966596994664798
153.297218628701330
147.719580735023868
155.275514659815997
151.323258941959637
152.954247273103277
149.154545063831165
157.120510704671375
152.501644938699627
146.566421105876799
152.361840341144273
135.079301385762165
153.062807461917060
151.612793160491577
153.324946319364727
151.437067004065284
151.329304626755714
148.095072806284577
156.437079589033573
155.223718839344656
152.939020664963351
153.552430160076256
151.251014111913349
152.943262930905405
152.421270135457092
153.685067569834246
152.426347940487631
152.112051188226644
151.002844388302435
150.102866609146844
151.593061279568872
155.780838831213828
154.578052031820874
151.903486492033693
154.281332884338894
156.236592818418643
154.641061881410252
156.225489763384076
152.863387603034994
145.303163458807376
144.944557977640386
154.018920758307388
150.020312218225172
150.288914818395227
146.887164159676388
146.551287427975979
151.602538837756441
152.722687968130685
151.633231223261248
151.974242321812227
147.896984539720677
154.453953642675657
155.910440415749008
150.129239640415960
151.603776066974433
148.187824747252932
152.212363571233055
154.042755243210422
153.391710381987366
151.852571015719121
153.177911211395610
150.388149666121706
149.554108031040641
149.472078087887269
151.001523980105702
153.119386601052184
151.126455763180928
149.310170663786721
148.878202852092073
147.893220140305289
148.470020239362441
151.142452159252088
151.374499693438565
152.515008838710514
151.964901875881765
155.525779342610690
147.909923652804338
147.435600432832445
149.016683531904420
154.421923049349118
154.049115737991031
148.078072978972614
152.717790314276897
148.545407570162496
145.443413560672553
148.318408918042934
150.581222414209208
150.183664306936237
151.724282486441581
146.900706405057917
145.429126383684007
154.996946659061763
151.615380739503195
149.825608372567018
152.571290706588968
146.967947122949482
147.102544873951615
155.908007584931539
147.095268545564835
151.753406127835262
151.197980834108790
152.977808336578988
152.360881306709615
151.479509385155353
152.524652813741653
150.591115744338168
129.148366342071796
152.634500974675092
151.044974263913588
147.582606620022887
146.282098650684389
146.245888009929729
150.644365524367629
150.124245003703095
154.822163416384768
149.093188689256976
141.071152218558666
140.278871200673677
147.930476261183202
150.919027995222791
143.066723991153680
151.044119539081748
152.458618863418053
150.677755415582453
148.219712689044002
146.734736486518045
152.440007366358088
152.846414080554808
151.476127610149888
151.416107376526810
147.954939748762058
143.785454726569299
150.855076609143396
152.636873785920159
153.462463175867441
151.013617450642982
147.154919849845669
150.943639021980459
146.342099773766847
144.129655624134926
154.354437915569662
146.535906206156227
139.151483601595743
150.917745135809241
151.234189082827243
152.843638806328784
150.847706790562398
147.969577482422494
152.796006809459215
147.263007805056645
139.782610367905534
148.849388348177314
153.939339061787166
142.732870519318055
149.349139755896829
151.566319781224081
152.541015065359659
150.827046755194544
130.144424049173608
154.451390739133984
148.261482079277954
147.013321424496382
144.753129661427266
144.694500177381030
145.813348923142911
150.995426171831156
151.692203930485789
151.260066367610335
152.642072988335883
151.993636757630384
152.395112389096823
150.070645196395731
147.566818712113701
152.954538824803365
149.066916381179880
152.270518297843893
152.690328446517867
145.355698460317171
151.892931969095002
148.102712391553837
146.208488678028374
150.791667487624323
142.104327567943130
146.262264120443433
151.836768722982612
154.099448412898397
141.832518377823675
146.294414741552202
146.143719266787571
143.513022636167705
149.372706969644071
146.061037321740855
147.712541524217500
150.397816543219079
146.503696809362594
147.804328700220537
146.744749246785801
151.851747257082877
147.776708220065473
151.623207225770642
149.726454529701357
146.605295911869462
151.456932577730271
149.642646488436924
150.887130473353380
149.694518128711650
148.017097825139643
140.553242798588997
149.692908784523070
151.500089156571732
146.939604344475583
150.864805385854766
151.455146375148757
141.221439064171250
146.566919756374858
150.062800542332212
152.437168935889645
151.108188500538773
146.245364863736057
147.340665552262323
148.641129059725387
152.783387975846665
143.182323531512196
152.385295015971082
143.438249193197805
145.886817258893359
155.862890054735374
140.501208406785622
147.201543180826690
