150.653864224494214
140.548188481687674
153.102135592122409
147.151147362951093
152.142517929175426
153.372135731885606
155.020109615439821
145.789772282807604
151.052242225341359
149.378498228992328
147.326732289013449
150.754048974125595
156.668057128960044
150.029696430418056
154.733512135160595
152.428949060755087
151.685675904147985
150.757953786970006
156.292199020289814
153.841249797371688
151.356468751645536
150.651450430002427
151.410027003850246
153.652221429610137
157.492282785027385
153.416674705426686
148.130257788079405
151.483350767742365
139.509720816072587
148.905627453682257
150.097757146884078
151.918824678230806
152.915148588780283
152.889559702985935
149.656789447513006
156.351968642155725
151.264169365926932
151.505973982958892
154.147492919351777
155.937822054298636
152.509454403355477
153.130017639681512
152.113916806027532
153.695648328183353
149.825770243283614
152.987612581241564
146.349482754088427
131.410102499570655
154.023759907097030
148.232839201456216
148.127477012077179
153.337698296365232
153.567969059085812
156.655363367617383
154.935034470260064
151.858140808921434
140.559811800352037
152.313597621176086
145.782411425826638
152.571346311382456
154.601097907033193
154.044358213687900
151.052577195245078
151.653405875304543
154.599893010724486
151.128176838777080
150.545383839920135
151.995222349513483
152.037151056688174
151.118404963926537
144.374241779393458
153.088550483864054
155.155172327031352
150.651882586382641
151.986117460883946
150.898010846235991
150.603976383873601
152.326065324604059
156.165071504011593
148.497098122987040
151.613379405272212
151.338191776049143
147.433446868791179
153.875549711632914
154.286240010783501
152.542986179866745
153.698431970053235
142.694196232470205
157.114079436219555
147.832915489472015
152.541430958052587
152.620155473264703
144.527828901349864
149.693238487657283
154.907201569001046
156.416237963361283
151.741200868398522
151.181486548207459
152.512006053112600
153.676068612099158
148.818646151608277
153.066400895972890
154.527443775617115
154.571094912033232
150.035393541745663
153.974649526944319
153.808802632075668
153.156075925506542
150.440890739816837
147.923234760413379
155.344593151841877
156.222349682248790
153.262171115026007
152.773020166716378
148.025131295298593
148.979145851026715
150.330715132478673
155.736045631687830
146.052692187305155
153.820030755623918
153.537437994338461
155.522219212963648
153.471796240767276
153.195796969114156
155.322051923873516
155.546775422223959
150.205891167019331
153.620742377931265
154.963221434831610
155.008924552628542
155.665281138173498
152.064901487832003
152.129775641379553
153.046697689044493
155.180180761004209
153.512789570445449
148.755638020807567
155.143854166609742
148.756790179259639
151.648920982292623
148.502885641797548
151.383203173720119
153.284070788147261
156.392843654158781
152.098032782760782
150.731757288410563
155.334224108057072
148.770293286452386
152.963149122389837
156.369421852799576
150.940427593108893
155.449684331261665
152.105000694390668
152.110976860272388
152.282216400436113
154.675309761708235
152.073788195050724
150.645498833854646
152.153539679596463
152.811718392123510
156.697373401220943
154.599695332852718
155.099522471885308
152.788477171991929
152.692205713950329
157.138705036732574
155.798260870505914
152.871146455448070
153.987268705802705
153.269830945336480
152.228455402369178
155.407280161844852
155.596280893116926
153.193816626770683
156.723223563516200
156.544244542160641
151.264020758683984
154.515697398351250
156.043492804665846
152.946334203853155
154.057828747512559
155.141641482826230
152.786923651595572
153.452723070267581
154.713228134972269
154.961302290563367
154.627017651517178
152.482003617450317
156.833350948798028
155.713053138810608
151.996677254604890
151.683394833209832
154.029969421767191
153.978623646325104
153.634298839449059
155.853981462437247
154.725753839483133
151.271962946008898
154.522689980688597
153.246009980790973
154.360254996866217
156.741441515991795
148.131722989413220
152.871505884735768
155.832076986723195
153.536453741931439
157.031170157512832
154.137046363343643
152.343356605086598
156.677243935364686
154.458371588211946
155.483062503385781
156.062579896705813
155.254911018522762
153.398183432819792
153.430751309855367
154.253698237944775
157.507736737973374
154.088816737765455
158.551639967058264
156.994330679658106
156.850936804385583
154.917430192349798
155.493212356193936
156.524676659117944
156.041646579084102
155.636402983503075
156.340188346723409
156.084826047569891
155.436012539395449
157.141105650270447
154.062272299648612
156.991076684279221
156.333296847201410
153.730156751119864
156.738452300126511
157.826958226203658
154.921416034006484
158.746636304301262
155.590443197066207
155.846584054867606
151.841209036928035
154.682563752869555
157.213660814469677
155.928053452470181
154.219790103394757
155.195410686477430
158.913642005863750
158.281393695139116
152.922598364825120
159.884999682431157
153.025506204582115
158.304282504359492
157.296578662067759
157.710198050596688
156.842500271498608
158.666381430391652
158.074744611673026
154.593074222549035
158.317822993182801
159.665669662031235
159.955391394968700
157.806796080229589
159.405419113043763
159.511553613481425
154.518652861133944
154.772351730300329
156.067729112516872
159.838586567482281
158.263065401185088
156.399458167966401
156.693353186160067
159.093424896146360
157.508197644337230
155.863456767239086
159.448690292959043
159.313663006748158
158.190711194307426
158.375481687629957
155.517674256127350
159.220855370724081
158.600072675463338
159.564654598243806
157.735149075338313
158.758464833801781
157.775195261829623
158.917235796142393
159.146878893149449
160.989602618503568
159.218679896714292
160.891685882114643
159.967319257910418
157.070519950163089
159.362655124348663
160.947813611257089
159.021602248429900
160.307291025619918
158.915980141763868
159.246883862671837
158.725182509718707
163.137189313537647
159.582443030584727
159.494719316592011
161.055460780860784
161.582436306453729
158.889849356262630
159.654607586729156
161.263823411446509
160.137918170106559
159.532505653197688
160.871472171892293
158.385939717144623
160.979578028691378
160.785060907018959
161.919439195170611
160.073404717016814
159.945804512456050
162.343751901912441
161.710412808479134
162.161464367952703
161.519776032606387
161.592322390495951
163.278104110512345
160.896460489686319
160.998661327789875
163.010709323361652
162.949868947719608
163.085691289289656
163.363882684019188
162.418793653231319
162.727107016876460
163.953095219085554
161.189684619546057
164.856898016845150
164.951409698049957
165.671977067455856
161.607971378533961
163.649414592656228
164.251163400865209
165.016834900447236
164.786285297234656
164.303190546550411
164.510893607060666
164.908232169274100
165.076600690576527
165.170803571949449
165.567622871749506
167.096120307796298
166.020298379744304
166.161746686736649
167.167754851285736
167.051851066874008
167.172201497604362
165.230872156154987
166.053699119281873
167.410342572471166
167.855498638103313
168.139444120856723
169.117134704818966
170.004665029004968
168.579869537915954
169.742136241775086
169.787156256013077
168.560720665710505
169.289049028823115
170.508590159438086
170.675415596533668
172.504968975023758
170.253505529931346
169.882844204741986
174.454813845254506
172.536850933745939
174.748839497997551
172.409770498139068
179.091949715190850
182.937167573335131
189.755446233579363
190.150441637005116
185.342867210105737
188.495683755929576
190.875775057294220
187.818376643382152
190.504181549255577
195.484853614215069
192.461778141779661
188.767537366076965
192.711733278453607
186.282726805743579
183.335784066958098
185.327555508534658
184.704745036391358
189.837306740220015
194.704664077000075
178.222100171329714
189.516466072895980
183.060240818773650
188.292780248890949
192.406753402104556
190.098751158461141
183.840678924395576
207.584646852563367
183.858948529438976
190.099290480717997
192.422167230912606
188.130250261906099
182.982425756476914
189.529204010998342
178.574849218971991
194.640115328867722
189.804648425948557
184.797654993291701
185.220369582713772
183.309002641255290
186.262808698827172
192.749771994053901
188.740172104231078
192.454580891721633
195.500612734693107
190.523037777966948
187.905488682108341
190.879603112319217
188.457319865191238
185.308301786037248
190.175389939518737
189.745747506899789
182.822703477195603
179.076969504292379
172.851424473804002
174.985238317027978
172.833275440841021
174.340467094740973
169.129819214209590
170.502115954995816
172.129557379262167
171.223172956144623
170.886778354325514
169.449791257153350
168.898044048247129
169.435600574457197
168.997748503104674
168.293574476074497
167.720143584737116
169.265056919180665
167.557588872986059
168.336721235080944
167.158991027719537
166.501788956216274
165.827040543752332
168.011660215813521
166.886036296438220
166.594606974789883
165.845742669338620
165.215655172761331
165.297588235930959
166.406062216639555
165.954698579976281
165.368701214542398
164.817752948678958
164.579673897664776
163.518362634635963
164.751033678129033
164.559586242874673
163.741964630285509
163.789554767679192
162.435216097799014
165.040779008606961
164.699993225920451
165.420474079036666
163.449876309767006
162.853918087102045
163.973693611254475
163.462788298129141
163.239427807515966
164.090573469111689
162.228125897120435
162.085921328800964
162.858575753655543
163.413680450523799
161.340790710397670
162.388298301282504
162.768834874305099
163.043295629394407
162.305388506092498
162.792988309180714
161.014278346705396
161.919704141106394
162.667502813869248
162.470856485256036
161.237059193133291
160.383026858862195
160.865832240895088
161.829519932849109
159.734299528249664
159.652771458072664
160.881944496592610
160.328190520172882
160.072051721768162
159.020832225832066
159.979853810862693
160.163877116434548
160.772887346015665
160.845537573118179
161.563069371998580
160.231596217865956
158.200708023722086
160.682221762966122
158.547921037180714
159.393953763444415
157.148740977849741
159.349104691665218
158.539937843890414
161.024509183364785
158.138701192793064
159.937453671111228
158.708746875380200
158.257120132883188
157.977273949836217
159.141570505588419
158.619694567495287
158.704855413301601
158.724093872188348
156.573161848494124
158.292522413369170
159.285328502866491
159.010128292387492
159.864316826963943
158.155570541137365
155.785482372828881
156.600713133710514
156.628477569050403
156.306069992134411
157.374032659953400
158.626551844462568
155.942721272912934
155.087184603833776
148.058264144031796
157.723148420642218
157.279110506430499
157.291587728346173
156.033565893750421
156.123380593795417
157.399651860449751
156.943338134403746
159.015440077905566
154.352723348437451
157.935703626121466
159.057569053577510
160.069365632705001
156.760127403424690
156.224974213355637
157.454724133462690
158.094852217236877
157.115800716059596
157.624856853240431
154.052563237572826
156.989869559854924
154.578376678814379
158.383825277450683
151.295575049648733
152.367163929363130
156.167238345041682
152.895811542346621
155.815857087203852
153.783874256265051
155.533803843433105
154.742785683053256
153.904387751644919
152.798161173542013
154.672388317818331
151.312658783945807
156.518915925165231
156.125426763724562
154.659103018054395
156.431320417720826
156.819853842100713
154.534458755908503
154.312437949023007
151.988674230003397
155.993894668309224
156.893507097294986
157.052448051849126
155.448405511282289
152.490462682877762
155.446987781759617
151.098406693214827
156.578546389046039
153.585453711355854
154.735784338122414
155.384428023322243
152.111057612390965
156.436037584525735
156.656431523450408
151.920840325500109
154.756812050381285
151.878958013515415
153.569981853586711
158.093868051031848
154.444928067575489
154.205069976112242
155.573126544940635
156.046522597693297
152.428516420069428
152.401782365897958
147.872381234338008
155.116186354873093
156.447828864016827
155.447211254417795
155.512659911027498
156.920734982071451
155.799149965409981
155.576211768272742
153.623875002243921
155.864132797100325
155.919442588966291
150.708795501321930
156.045058110092867
155.565744122735452
156.243300525418107
151.837468401746378
156.152226026517837
155.546592807754564
156.025988411912351
154.540323257299292
153.363761342743743
152.252853817294692
157.935229957243990
157.370260218783187
156.118206079646171
155.356280179607410
154.957545855835690
155.410173425015785
156.283304720296030
155.808347607853534
153.525113053963167
153.423294419587762
152.842578844355586
153.630228487341412
152.097191095268073
155.249411559983997
153.324767132300451
150.459481203260992
153.304347402672477
153.837917381699583
152.775691654248419
155.009430088028637
151.810209475362939
149.543599048115311
154.058820663878691
154.140513825119029
155.972995262547784
155.587498316395738
153.527599899573175
153.653833018753062
153.139110956103764
152.835911742558551
152.553052099607527
152.521008784464073
155.641241691868800
153.117117856773916
156.093420151830372
151.557874910396833
155.414957342260152
154.001700521201343
153.894926988501766
149.088898871009519
156.808423635822464
153.322614131161203
154.558835800785175
150.522770857856415
147.677919147056855
153.552498685055696
148.891997016646400
154.079430499239976
152.198418900531721
154.341218335106333
155.074259924025228
156.703379023057522
155.637389692388325
154.777395231592322
153.148503182716098
154.462339328924770
151.679795228010931
146.540635715266404
152.981386077204348
147.941966925464840
150.973549073021957
153.368813241754140
153.226731512815093
154.554376629075961
152.441103318496289
152.028511548068536
154.360245124559867
153.937189954880978
153.350589686423746
149.507340057037624
152.978635342283212
151.702146787926239
153.704238251469690
154.483591723503963
147.401879342393585
155.399270971544354
150.436991075897197
153.267241882795048
154.163957932392123
153.314207233175949
148.582471250500362
153.665861550997846
153.233279477546375
148.376323260738843
151.715788791699765
149.973042993534904
150.010519335919923
152.454712543878031
156.319206065537173
148.566372931638227
150.529472500560900
155.143010064597803
154.949709236438679
154.138150319038402
150.864184376070881
154.730737399654316
146.018964405742679
152.614057482199826
154.133047308951660
152.854293382289313
153.121763009336945
152.328110164673717
155.595759557171050
152.357715828338655
149.786661197797457
144.481085689351175
152.924432787990725
152.939853047196465
153.429873643307076
153.206784279674707
153.902712554300138
152.564296524826091
151.196303373758781
155.117497508443478
152.831332560178282
152.782410509630353
152.293827351333732
149.924019692031749
153.245164068844844
152.400445760962157
148.729262757329565
151.029431107653068
156.664519768671227
151.922792315864854
150.099808091897046
149.921191590214505
150.826508535657496
154.891092982697046
150.171962461624219
154.692957853965197
150.294884431864034
151.752004733939089
155.365188898607471
154.258807715621742
149.570846267431364
150.285715530354082
151.649944066425064
157.148409249518551
151.531682216931927
145.139342145174396
156.682768759159927
154.080016593389104
150.802497568847798
152.992794147771150
152.418765162828777
150.689894646591455
151.580737650239399
150.793634767170801
151.659111683153441
150.160405470104877
153.539749743026022
158.235017632731598
155.823700803966943
153.656677766266995
151.525819831371280
153.945568426662078
145.583113642754853
152.027292939709298
152.388448513591442
153.539489163024115
154.434007996992079
151.188029141236541
152.134749997103739
153.353161935956933
150.682273983035998
148.119498731030774
148.491634961483186
150.188049912244168
150.721703739612337
152.772998607592058
144.331069275781658
151.692431847215261
152.633890752723147
152.475138292066617
147.641406116912009
