144.861354549651480
150.401958954396207
144.426338711477001
148.066273737204682
140.557886769200934
139.999752334017643
151.180773696221650
137.032221011241973
124.784396001263204
144.315922750114169
148.039756277969616
148.745902306937950
149.459439459019762
140.620794158183628
146.925752577731629
148.743108329885871
147.208461432007141
145.050848964276469
149.248619401016157
133.971117256278603
142.792406223049738
143.011258612683093
135.051529097105799
146.774085232999369
142.716533839167823
154.348830748478633
145.077598843621814
143.060538860017289
142.677852791719971
145.600358279198701
147.011896988135334
141.621910136388010
149.110999777476593
152.401247482479420
149.063158497733696
133.908007409823995
146.510505642970770
147.783735701081071
139.162072272991765
139.275093840920107
143.062464877643464
142.481560323056328
146.574509750961653
149.056063494920068
144.126123423598244
149.810510014753646
148.385487895107758
144.794938305445015
146.356049391115704
141.757631630101514
146.135996539803187
147.788372131453514
138.790899983191338
148.263265046812080
140.838860680422925
139.245663880499848
144.410183448651566
147.432355682174290
150.608565920060897
141.136661698450553
144.100165034892939
145.705105049881240
149.763859886088653
143.790174718517392
148.974994334115365
142.936518119253748
140.673868742595886
147.787336704844762
148.074156182223845
148.105165731509942
142.080904823904774
138.204102698701774
144.635468751356427
143.316214574398401
144.869934963175211
149.846130755376294
145.547113613896727
142.700470212854100
149.757698552917105
137.694394184095302
148.937957213442587
149.717297382726514
143.036643965452356
150.717499662556918
144.268532967096547
148.980659575575174
139.221222281768974
142.133673729582654
138.188889565892424
125.353581439845868
142.333597279259010
144.595688984778690
147.778824342133703
149.569707142563686
134.404589830108677
141.260984598444281
132.684153391712840
137.717357249381109
146.213112885527067
144.559958708438444
139.571722018205236
149.516480398114595
145.273489154191168
145.360262996931624
148.124747497197717
145.331814770352651
134.292769438533213
148.160589745777600
147.987560451559773
143.632159676204765
146.324567599768301
144.500062913889650
140.559482547701606
146.851968359738805
139.253642107318228
147.048812488285790
151.350599138877612
140.894825133395813
140.100047115140455
135.731283286076746
144.084603890236991
142.703983510387161
140.995050402130943
134.153332301877668
149.363943752878384
148.153529121422338
148.336569075660293
143.761662808436284
141.962087538668357
147.908183868690855
140.391789686735308
148.971374290829061
137.843040443909672
148.600920532222062
140.757510925276648
143.273339664353557
149.415145235267573
140.647719408741125
148.041999554143786
135.405038403592613
147.937402505860717
151.423576362038318
148.418276237867076
129.884758620138200
146.446296116577571
128.072802499747127
141.471542244220700
151.540732174537226
147.577333934676147
137.072628219045640
141.767518280024603
142.536074853595068
144.549895625626533
141.881090080430113
144.162992183301867
145.856622469435735
147.600291496445550
150.502991623938897
149.700791252762400
146.779486815388566
147.447946769195852
147.666890356352354
135.195812557843198
147.223579294657952
149.243530401236825
141.986574543426002
147.420196852448868
138.702293568030996
145.493160964700309
148.558419316525232
148.882365658535861
146.135502564004071
147.099227932624160
152.398832528583029
142.100724102119614
145.499991564064317
136.411322126960044
139.994645887538610
143.448467912340476
140.975501066379422
149.872174011743510
144.528512290379780
150.917111498058631
147.161061734296709
148.127286451975266
134.995289895240489
148.619829643842991
153.132965705858993
141.356717258065601
152.288702426191691
131.980699165005319
152.089000860750872
146.040775419438773
148.285992799083090
149.774160457461107
146.972778392462999
152.344863841394414
143.292461744362924
149.984982607804824
141.684726202691053
143.036650094497134
145.668689939685464
136.832260570227959
136.036059298694255
140.430150799266983
148.659428468495747
142.459935936885302
146.657752137529314
149.093514006604096
147.067764489965640
146.283154731374481
135.565192410625201
139.445144232920939
144.889447899988653
144.701938889272100
148.525274870847824
147.050251287189383
137.320703418468923
153.448000503606579
147.716203305376126
153.360505839044322
137.328763615712745
145.499420158008604
148.458299899972502
150.900596621777396
148.684610114935708
150.194584768402535
148.255042906151544
147.837434772469692
147.962085664355556
148.246130962160464
151.522650904384989
150.806462472255532
151.433369837380639
145.144604054173215
148.869757871655793
150.098766650821801
141.421953505906714
148.372932623939533
148.418648545992482
153.277208459601411
146.292027240509299
148.629131815968293
146.222292999522551
146.897413623918737
147.974011461047695
140.003156207491458
147.336104635408816
150.363806130517418
151.577896214466904
148.691460365223605
149.495173602640989
150.465100990079662
145.999710542119175
136.902166155243577
152.935078009674640
142.889990717356568
153.785730849239030
148.853493167508333
152.099060941348938
155.158894158651322
150.137986881887741
149.518000368877807
146.650166313520572
151.257641114833348
152.209974569927056
149.748414314079071
150.861135657334501
153.987239004627810
143.583510672358955
146.226841444901595
146.138949873341119
147.477513504758804
153.613391853735550
148.475117851982844
145.267855723198124
147.673737530399904
145.084335862616228
146.527562715392918
150.313514595534173
146.186693291972745
153.825048878972183
150.317656858337102
144.592962313193084
153.665500406758810
139.342985445832596
153.599114335941437
150.985711008949124
150.926034893537263
153.377661756801416
152.889894798466571
148.725525951858543
153.216965179099105
150.851030800635073
152.292871164653832
147.708162419488247
146.938565114342850
148.599026362861309
152.132696252285314
148.220105007224589
154.145511545035475
153.867372578439159
144.485059463303202
154.382218882007180
152.439103553983642
151.843594473678024
150.374359936291739
153.050501560009366
150.372990004226040
154.051709287676374
155.349733836863294
152.189514913055291
154.400177636385365
155.002219126945135
146.170626548903471
151.302528271943885
151.950201311668877
139.041966415626717
149.148218571127018
153.984722371191964
156.767889468574026
154.090155112109869
155.364890640719068
153.134535990944926
155.891686639921801
155.856958077610585
159.473653052838529
155.290683276238838
156.252948734651596
154.768003210450644
153.032377729514565
155.676747758798058
149.918522483396714
156.935624692555223
156.874545515123060
158.142635459889448
158.175293160491066
156.170542865786956
156.984683810395694
157.134372372316903
158.369902626340860
156.746327403038379
155.590586453958053
159.845916178439580
158.375675014668019
159.243528040078132
159.368677242110380
159.838794851997903
158.613961236733616
162.720173306696211
161.524100675634060
161.986117518675314
161.308570204740988
162.527988729573565
162.264923498079440
164.984590614280904
163.532462033969949
160.928827318448100
162.096543999136259
170.286182167608388
166.853525619097354
166.879014738394886
167.146702383485149
167.871246278164421
169.404378003466121
169.232100118208052
169.490237362138316
170.330246724462057
172.343430379315350
171.848017321779196
175.362554386144922
175.247549332723480
176.083907397366545
175.632305847637582
178.786967237827099
188.710451127833437
186.109987745213374
170.054931554182133
190.687261264090040
182.276115815680726
187.440435553756686
182.524392213714293
195.210826246400302
188.268896881749839
195.006587867574353
170.677220211619897
192.294653804785128
185.760004947406998
189.870468250520190
189.669497616337878
190.031247173061388
187.758558048986401
195.327404366623085
181.480808749084900
190.327708149550801
186.952897327862246
187.407442837457666
178.414930516225979
190.545757017339355
189.720952605243212
206.094223713390193
189.709338830948440
190.561245555865980
178.565840220981670
187.490801235200763
187.007846861714086
190.319836597762560
181.506541179819806
195.357567550456338
187.839079996466268
190.039321935440597
189.665389100125140
189.948213165504598
185.817150363388208
192.315965724581332
170.515586913189026
195.001890214205844
188.386488864656201
195.244699158265149
182.473619637454334
187.446515502611589
182.334338970103431
190.711090992725019
169.868151060968984
186.239467751832166
188.755363799575719
178.573308576912552
175.597367715156423
176.663072155713451
174.918106636863058
175.513247258431818
171.880946152161584
172.770773314869075
170.405009665307944
169.171612722371719
169.219298924276700
168.380904792448291
167.384346505628685
166.285800340459360
166.106469251286512
165.791428880421904
165.476522333225319
164.820384307984341
162.671944436032561
164.375378369028482
164.408008241804708
163.418828899508668
164.006378713667516
160.387218327223593
161.808370970765509
162.393791679365023
160.912426376139564
159.852687435593964
159.007868118225360
159.608052828900355
159.119010372093157
159.912099426505165
160.127960519317895
156.968606901150480
158.085006038371375
159.018575226135624
159.857973079808232
155.389058915833175
157.563370723670630
156.317715808497951
159.801781445938104
157.763537497469571
155.555058438577646
152.917859881786313
156.994250441981137
154.733391502104809
156.017522582580710
153.853126158277320
156.239382788050108
155.656299575802251
152.749207474167122
154.603018079628470
155.620204017514567
155.429513292901220
156.438604972572307
153.833829504087646
153.228435411180840
150.871799964884758
151.833076342154300
158.411346711828799
148.545233937252704
152.117865540396878
153.246135335547649
154.293834924467063
147.735606430641070
153.375765332806139
150.422649516098630
148.189294646855444
150.744500694805055
153.203590764602382
152.592480755400260
153.799266900971787
153.629805991973171
150.883724851768193
149.738401421529829
150.191219095106135
151.243572401142899
148.403263870772690
154.716735857563179
142.827254443084428
152.159771040305230
155.313450017222692
147.167085400138575
146.613179251344661
148.205189863698735
142.954159570752779
155.406224895345474
147.477683234185093
150.653043219432902
154.255679017054689
149.121599877381414
153.687781401409552
144.577774102876788
148.309473918402205
151.667242694801672
149.850809776222690
140.246192529752676
133.464730350803904
150.986668784252487
147.584583475366429
155.506864811752934
149.232607014769854
150.410099448293010
152.787937616382038
148.575200951258324
140.724435538352623
142.278981314362227
154.640625278321835
152.140330415686236
149.003334301843978
140.159743462336650
141.305729188009650
152.086689962676047
140.165590523662843
145.098002745326625
151.893558386368255
148.834981429925364
140.629684019997597
150.937506045038702
133.373356865808688
145.669367022143518
151.004323552120070
148.735627681165965
150.644538683277688
150.701225129380589
150.403096393640880
146.600739101665056
150.936398723117350
149.317221422378992
150.864636748470986
147.894507846999375
150.520910131517610
150.835703425214462
144.718603358639228
141.157193795992782
149.282163195935567
150.706865993478203
141.535678684710660
140.451276886303191
150.713861177214227
146.280373386948895
148.120427583261176
144.295212604810473
136.551360777251574
149.621025178917336
151.532418640453670
152.300364747376079
142.812414904049774
146.151460963487551
140.331279493619860
145.114158755894323
145.637038750400563
146.710752480149893
149.597948951159992
146.200364795568191
145.261062100400409
150.219881838970821
147.558760141627943
146.220344948988696
148.782892359305492
146.670497236221877
140.193228627304904
148.577237712807118
146.616696632675627
149.385127174676427
144.224808840785329
145.919240488128310
152.385186201915189
146.105557925431896
139.735107616779743
147.387298776339577
141.335734411302496
139.242982852397802
151.563004708218557
146.691009930514326
150.651583284348789
146.555128515310770
151.567640142788179
143.578934232468384
143.251107921074549
148.740116394068622
152.059029667920896
143.983844461457664
142.743108947407706
147.898447173406083
140.534014519352354
140.792155221071539
147.704173643609010
147.520928502747580
144.176999717881358
146.627932662825600
147.720371343887990
148.972817762008731
144.033418140843651
142.899913177377840
140.142373658864670
145.375071965360519
145.667867132163707
137.236595195884888
150.603447265025522
147.023951926471511
147.926028719811825
150.549219554023267
135.190298123010791
149.206790365077978
148.567047693975638
150.255246975736867
133.069945101191365
139.546178336521677
146.356335528198599
136.713804388497806
144.468709172120612
144.579880103238338
146.626556994669073
149.895678547449080
149.070845603211836
147.381627328308639
148.163121381548450
148.510675311628233
150.512354134671057
148.239438483914512
147.788050877907409
143.918167236184019
144.997088701621294
140.534465625424190
135.533160033355358
143.234633082397721
143.788282935402833
142.958935041866511
147.271244756119813
143.662604208317248
145.036276687789922
146.033975783066353
146.152814663909453
147.937246851517443
141.689015567514303
145.341095163227124
146.069541329522650
146.298730862428499
147.450817377714742
149.911926679213565
140.764604068802015
142.455845111138274
132.398002991967331
145.988649362834110
141.243356514461141
148.552063111863845
148.335289983507238
149.565652182168293
146.495758286177505
141.607400061963745
132.707742250387042
147.538459259246679
142.115901513400502
143.798410515721486
142.674879849758526
147.444679362148406
143.327907608730925
148.943073113477112
145.188547145671805
142.002886931044259
150.316229815170118
150.960293916925536
148.527587247727354
137.332346361306179
136.677564519846044
144.727586492033765
151.405044378700779
140.108708187803700
133.641756203061050
142.577106103610248
145.911963149440624
148.115629655808448
139.225714757266303
145.272806461750747
138.982774524334815
140.207843848352240
142.891281701254542
146.864399415302415
115.207810460035560
149.751333465009992
147.807654842836286
146.453431524991686
145.528845704559274
150.397492026378615
136.949359500612189
145.788322083192213
147.640439056945468
142.153904441384469
148.427604038025663
143.772630806384456
143.457134252753491
145.636505837486794
137.966649379067093
142.112841476119598
139.873753073796678
143.057136345724103
144.802351546699242
151.698301084948156
133.642090718367143
146.277365181885017
144.411369880109078
147.991420517928162
135.777627100685720
138.151097196757121
146.161819296491473
140.911144432445070
145.024881535413414
145.184809115198760
147.601457180875173
140.843646870295515
150.161698041122065
145.491464295596529
150.225217573210529
148.870744610362493
112.606151043678807
152.397742795978587
136.465466460627027
150.661261284346381
143.995341892330799
148.406710842246241
142.229498051941164
140.666169883565971
151.423897821769685
144.413398711528998
139.966055037522011
147.999201778221163
149.051371826307900
143.252364567178120
146.626476605733984
145.762952815616387
143.512169225802666
145.214059124827401
148.740317771821850
146.878355987047911
149.948954346241408
139.405563287025160
151.783888279781507
143.640926977313967
146.459238318176631
148.850317644156974
150.719874623316741
150.875157083949318
146.701581536215144
147.748606017948276
149.737700348015665
146.749785523059785
147.041747960787148
148.059068729171941
127.243893950447074
147.830943608691598
139.344153127896334
141.720807754333322
144.023033541446210
148.811952327107065
135.867450540048310
138.834546011911357
136.454671987621708
135.554312720485768
145.265930869412927
146.826291518662117
144.122968486815893
144.383453346463341
148.554982196141054
145.154035317405118
121.949603753446127
152.493391951482067
140.606540131454153
149.785423224261876
145.571216903602561
117.417363404825835
149.828600508903207
145.094073189640028
143.173833917466652
141.960117987565184
