141.243157390758057
145.625903432976116
148.874236763957498
150.950565644991343
152.761958677241381
154.659802477777930
150.786686298648760
148.404200785750618
145.629581030465090
149.148955266195799
149.886923743823701
151.499206303816436
146.986433312274784
152.321713949893990
151.283521061566432
151.096055954064667
151.398337358226399
149.360905648861404
152.470157095701950
151.699099935081222
153.971880061701768
147.540871944194777
150.453836849385539
148.972592986900111
150.559925349900226
148.536920221514151
148.778454454439043
152.865192334168313
149.662749298754875
149.327766938942659
154.769367327897555
151.188471582938490
152.886825983399007
150.250315373987888
151.146839493389422
147.294067812854223
152.135385108920474
151.244546308761272
151.802970761579957
153.594546766180088
147.325980253946597
155.792879706377846
148.764230530033103
153.157212575768028
135.562765498272142
141.371173167760816
150.721347575333454
149.077000713473012
153.081494605435012
151.660080394606808
142.119163630242952
146.003949316652125
154.933313747845801
143.342780328959492
150.384037202138586
152.909047573963591
150.273039404008273
150.021194619061504
152.777069078155392
149.853465456231476
151.582194431481071
149.508047037945943
147.808948281660889
148.883595438595336
150.026971831797113
144.919677479616496
150.766766660514008
150.766750251934184
154.088833115684650
147.415833210629359
146.398578925280731
151.299558522938725
153.257707352969078
153.989949405526147
147.554376449850253
145.685538462767397
138.893539634146805
150.393201365670222
150.029194810176534
154.707671212791553
150.971002967895487
146.034760422318016
151.120970969980618
134.314116055504570
142.410137049972207
148.810338415065246
153.308618943613396
147.911430455127430
148.756482039744867
151.623611909417150
154.339681881553247
150.367072556702311
150.937510002147206
141.961339015055131
147.311747125105029
152.961013162868483
150.686761922892373
152.014981337131758
150.962073475453053
147.120439063243225
148.368110776643221
151.415387865694669
148.407505495804656
150.566701110808481
151.217560385119441
149.685511563414650
154.262591249714347
145.698668726092706
152.863020133569080
154.394079536041744
150.582316471510410
148.951114440672768
153.152621526448002
143.307723764979357
154.189729501447573
157.311044630489761
146.970381861258602
146.121960506889593
147.675925628595593
150.244921140328699
145.556075723903206
147.802098014331534
144.679023188144470
151.988081642488652
148.195509092519359
140.002816465900310
148.648853702844178
148.566434674806999
154.187436797051760
152.020215550713743
144.416194744650795
151.570853170296346
155.041973393468567
146.100089366839683
150.339090616364729
150.060516979189373
150.613011779085070
154.792583616575030
146.594874273253822
149.861716562934021
140.876503745828757
147.526529513752195
148.163877854915995
144.076414682049375
149.835926747033227
152.223420952921657
151.229573314190532
148.078118431930903
153.028082812683095
145.648410404341206
146.770681053367838
146.759709205678519
154.312477665326867
147.390868495281524
152.849229244735994
148.783204230096231
151.434715612688649
151.607778657301481
150.037592743151123
154.266790474164623
151.591557389896792
145.791406780441037
140.433577581859709
151.876577862258159
152.007245498090413
149.054242479104772
153.113753617236512
151.013399669764851
147.197818151976264
149.728635787693463
148.326644908784772
143.794825993540940
154.925967441534709
151.918069979036147
153.323342906247660
150.665106523761693
152.157810816880755
148.842175343752928
151.943651827391591
150.355011547647280
152.518418732127657
151.353392821712816
155.506855381511940
151.989178636279519
146.232926416379343
154.750216726180554
149.357932000045309
148.617457192777550
153.243910556513242
152.180291456602276
148.877826686855144
151.657424534247156
155.729914466985974
152.272925713359314
155.060656977775523
148.951801508052824
151.370627477138839
150.806995679391292
153.178026908737138
151.045426382021503
151.657606925098179
153.485482665272855
151.855042039797411
153.952631678504900
149.931682652462371
149.815987192680836
147.171971263771297
153.852203081538221
152.415590251972873
151.947182867343486
147.095030463769945
151.348137893636419
152.622440398987976
147.510582148215860
152.901860915748955
154.221469003664879
154.241178259616930
153.283885268018736
154.895098880971545
154.788342214951399
151.618905647392069
155.413518417440343
154.373379423323769
153.702828808339746
152.419576867364071
152.929093397720067
152.259111709375389
153.118170378654554
152.307174326601057
153.599785753975368
153.206563132245691
155.917455261718089
153.085294238013091
153.076861620612760
148.488769273112780
155.177925493639293
153.310723266584318
151.304802219737780
155.246433927894287
154.362678234482132
146.401854296986670
155.924826785936347
156.515804980770213
155.580266017463259
155.207406053285496
152.125253795688650
154.106247986720660
154.143588023544879
156.570828508674538
153.987206345128527
154.673644714816618
151.645068176221002
155.867405374755378
151.480379647213368
155.704754855380770
156.041061489434924
153.355371975475350
154.036176947753404
152.891327299418663
155.718981234264845
155.513278646112497
157.197017771502630
156.010354911982802
155.053983878266337
154.114270784152495
154.181860363237604
155.407873180199090
157.836171728790475
155.907834907836161
155.836994034820833
154.732821589746777
153.797851141465088
154.539041308845697
156.365211554104320
158.171542748189722
154.124858059770361
157.547894487702081
153.255313969033494
156.917283452178026
153.649184030447344
153.411152479313529
157.942465240083664
156.282628652442753
156.893092635552364
157.607261374353868
155.742027862579334
155.238967988767257
156.450387263082746
153.857897899542536
158.222939581675519
156.258026214057935
153.767323944862795
157.442927066542183
155.099377350832668
155.131071339364041
159.367577644030291
158.170216564670284
155.390878622325573
157.168863454733611
156.369151295506413
152.469118265159864
152.045097685605185
159.740269671870408
158.722500854177298
157.171287063769029
159.740689085160966
157.041933272598385
158.062244982302332
157.526090700721682
155.766950127606151
156.455319415050639
160.285280467315516
158.594942973111273
157.358658636407995
158.667765290758751
158.500609614692536
159.237509630529075
160.417218634995749
159.356256758200459
160.208738588351366
158.975248039345047
159.580675675824239
159.310324897521070
161.010119800885036
160.649815990669936
159.588445791205061
158.733280925325118
159.513666951417036
161.644018036733456
161.715858858248737
160.877763020127077
162.209354878068808
160.831377829892546
162.000921293906742
160.019945515442203
161.191107012670756
160.082406011515104
160.303612785060182
160.362363116567224
161.779408123785117
162.870694367434965
160.341661736462072
162.620800549682087
160.628733424573653
162.418414819675803
163.053682055346911
163.427230703071928
162.770396842793900
163.051362724805756
162.163831190773209
163.303342652830537
162.870751585834881
165.115991402172284
161.240803656339608
162.639548105249048
163.723983200178935
164.763390652984924
162.802949727357571
158.923804625094590
170.883079771388623
165.200789197113693
167.530423983617567
167.917766714275047
166.569266838701793
168.740366911601768
169.823004635868557
165.069974807389855
168.176873463038930
168.605808755126958
170.975496717644688
168.709117576704102
170.348551193417251
171.525501230612349
165.679950296814184
163.804266698389313
177.541119151112497
179.959302344940852
188.563060744313191
187.456603921649645
188.624626008872042
191.280659557270639
186.478517380414587
183.212574411327353
182.133414267529503
190.550793454512757
189.152659034389359
191.575864756169835
196.645054396257365
184.100279290002447
184.441629220374352
193.515628913905857
180.118977637820450
182.552264516934770
190.939266899742705
187.356692444065260
183.647067845605477
194.276138502610110
192.672108346501261
192.101010416514214
182.224908127682625
208.399009190581523
182.053564598894525
192.088599815992296
192.647733958311051
194.346890359306428
183.649662726974839
187.358063951555835
190.958560244908398
182.780676508657052
180.141652522163184
193.500393256602052
184.323395697726482
184.102066268307993
196.685172416797229
191.547529649964531
189.157171813982330
190.543201539007157
182.187099366578906
183.109505382647768
186.388810527223995
191.321975653528114
188.603805128448954
187.401676765136301
188.599808860504311
180.121314454514106
177.305050025592578
162.966715106816594
165.268082532760189
171.965917578400536
171.233026388014537
168.315518506798810
171.121724619351824
168.435260103983495
167.504699863166707
165.847260317169628
169.756825652529812
167.937218724406250
166.227399892371750
167.057269409498616
166.372582017711238
163.414738157293243
166.496082403550020
164.922581105141745
164.387741968410268
165.010152650099769
165.091442343982578
164.429799373808294
163.173962207397267
165.758576289746571
162.660680807671980
164.042684780525718
163.635714751065279
163.291580221747211
162.842900003160196
163.485305268047796
162.496280799204527
162.328988372797824
161.327636580907040
162.590252649173920
162.077968039643139
160.126588155183953
162.220669074530690
162.140235764787491
159.195655911086902
161.795569215703779
159.258086764521693
160.662251897874000
162.579128051488624
159.895311979215052
160.045059020151513
159.856624122160639
160.707976423486201
162.176322152582486
160.399568640894756
160.008272900060433
157.956901534753541
159.816501032297879
160.771995933985153
159.331800300048172
160.224832573925710
158.643825208089737
157.975571366821242
157.943454544150313
157.121801428990096
158.848669855570904
160.793259357089710
157.607255545364382
157.494834267606564
156.678887761287683
157.553312660034180
157.072701323450559
155.627892794733043
156.903652319676354
154.432505312791164
157.348379438257609
159.146492828894509
157.935175105996564
158.290564327275632
158.024804949666475
157.382357996250249
155.794594235485363
158.443182188769384
157.214892888714303
156.976674879518299
157.563564214712045
156.816356046042642
157.890766346857731
157.504550243878214
155.665667922294745
156.265649049528832
158.519061080869250
157.053742330413741
153.097123587473163
157.166987784515612
158.787944704727664
158.642466219419617
153.844925380188386
155.770619903729425
153.368424831762098
156.193847459576773
156.882496999240601
154.693025416736759
155.104825648499627
156.244632890328859
157.602328495597078
158.791965879606892
155.136781806814525
154.009157442841087
156.209364047210784
155.621963497661369
152.996139222352355
154.248631024180327
157.120208213815090
153.388406546538619
156.060446504246755
150.478900841275333
150.408014719534890
156.942647017489577
157.580893441413025
156.152676028189632
153.640089455076094
154.239266227354534
151.849001114602288
156.181941164642694
152.076310368963419
158.044373255067228
156.563347756020931
153.513952781604161
157.621252822373123
152.062318359861194
156.163742818336260
151.366173123535475
154.875476754091920
150.786010414661433
156.429340325178828
156.979766366121595
156.079181447289159
154.250048639592023
156.366894472686454
155.380049620023101
152.131729700448716
153.737257783035290
154.157986780785166
154.396079180900443
153.665291393108276
155.163497016839500
148.583425286060589
152.515615952626092
150.815494899035571
151.780740273769140
154.403775652726011
154.114052292193037
156.694176501761575
154.218900784163253
157.576930946783136
154.464836691397750
149.377701025676089
151.160607751573195
151.550744469749816
153.167706625459374
155.562945712162445
152.564266906299338
155.400935797973574
152.992852093266350
150.649950015189688
149.301362603773924
153.021202090360163
153.221864177808129
152.050005446585487
149.879743424947719
146.784886450780107
152.442091319027440
151.151212976946255
153.350711574108033
145.120599371259260
148.179993532608762
148.644138508102458
153.003085698938776
151.429892038963970
151.241474313035752
156.625992950616364
146.273199586470469
149.666743291763851
154.810273124701098
148.834066680018424
153.617189317305076
153.144448733730457
152.337487689881783
154.177454190955018
149.222053644132700
149.185267110735708
152.275927863945753
144.752208623783389
151.509331009151992
150.617898243299038
151.234265101495055
152.134038582838059
145.975082156568078
152.551799505842610
148.496185244516766
151.688858250791156
151.476114681758958
151.304883388766513
152.938179718320640
151.263715750521982
150.122969147686661
153.427904398733347
151.297070304681711
148.180468028562899
145.948100162829803
149.465353875407999
145.598677841853032
149.571389512341057
152.056083396423418
151.257793663893693
151.563578053475879
155.352470857988635
155.136223952363224
150.248589328849789
150.619543904765436
156.328909912919414
147.888934260963822
145.854528778992460
145.394381790855903
150.951309111479731
147.980818515987949
155.398819699430646
147.580677133166319
154.227868434030853
149.994252162219340
155.671355156689714
149.699932807204107
148.904002213346473
150.898144083506281
154.920895366158703
151.486082239507084
153.513838109785866
154.704336048571690
152.661645738964069
150.740906077010919
148.745207119338232
147.534673678546881
154.770011152131190
152.293136983870767
155.334196491093593
152.908320923853523
152.441254790442400
147.083426923363561
152.132064190169274
145.377181035770604
145.867981687634540
144.167344855812360
147.506082259851297
144.388899608199807
148.727373327457002
153.141394377513222
147.583670438758219
150.914046603627725
149.626263268588303
149.926388886894529
148.050606681443753
150.128025445539805
150.206283978331669
152.086406358200975
154.586984724884786
151.462165437255919
147.395674093477311
150.410750582250728
151.388610255713502
147.200104567227385
148.484745262297594
151.919254170003057
149.839271230083511
147.070993454778943
150.125853566083578
149.947116454337646
149.769133608506166
152.837292187138956
151.108983705590703
152.695390386159573
147.614308110955761
147.719224445305230
151.381152610548469
146.828265845139043
151.540429984165087
145.682398135630109
153.352047496608066
145.600307717539749
149.614859787719297
152.395031556416797
152.467213038954810
147.407000098978784
150.507396164284415
145.214264117541234
156.145262117421595
152.490335311813368
151.048528625945892
155.447454629965506
151.786929009440314
150.058745312735283
149.046065822702701
150.932733381621858
153.415911786151469
150.475413952283589
142.098243141381374
145.586358966669906
150.763342605050866
154.675023355849646
148.384964534207995
151.003177271997458
142.168969976132530
152.080843740518389
154.375752916302162
144.608431867054207
148.497223656442145
137.490020458459071
135.854692218076195
149.905139896740053
153.399024744724045
146.423318565884927
147.866327628414865
153.216965113986589
150.308035412641061
152.575038215552297
147.520266773026123
151.062249833332658
152.831697974796526
151.883108201441871
152.825017299849776
146.939021129502095
153.577454833745946
154.174133958899517
149.811873954692800
148.514229967628154
146.802866895562431
150.388258554358458
152.246808388064039
149.278860723118328
154.269395726532252
153.467120962142729
154.880021463107084
153.526134586024284
152.826760138238228
153.576664942656066
144.023798763202478
153.178007162298940
149.327970179136571
151.997767150165600
148.356866390715169
147.969496469024932
149.023030346276670
146.729620210805052
150.718148574323038
146.843399682095907
139.584183091934335
147.123442799671722
150.869913018743432
151.906119506148400
147.387867922930667
149.818220843272115
150.175698254991403
140.682494779530913
140.482719951002935
147.917913901086735
151.904139686972485
152.580379253272412
147.135182740394754
147.770124891395142
148.508697414844562
149.833935249820030
149.995279271652493
142.624052710586540
150.351430389781854
135.386203692094284
151.788146695186924
148.411879448141462
141.683710324423714
147.517956088902167
153.986997030826160
144.803240639594264
