152.341607116187333
150.331851490184619
152.431926313718805
149.598679583505941
137.317332734229126
154.673638281892067
133.798180493736282
144.718351635690652
151.251049105258602
141.681099599866002
148.632400060394218
151.808225930295691
152.933961198474805
147.341659665891143
148.475472019503371
138.488499388527771
150.454904969288805
145.016027704509867
145.994919766233323
153.105864959698636
140.217542810477227
145.863185649879540
138.691755020117768
142.735774555229568
143.502652934165383
145.674391814133401
146.555397601331237
148.366408613249774
148.389419586361214
141.337462207777065
149.103282212618325
146.065469695405199
153.002834676240809
144.264553840570414
151.792583438481842
145.538840868268977
145.376473263692077
150.678221730287703
147.805413042380167
151.245930418827498
148.799781927231408
149.744843952513207
146.706526331211705
149.438725780375421
145.169554915853638
144.835269758872812
142.749464411947486
148.904462504653821
146.119360681496090
153.585140608655649
146.367455033538874
151.933824144197416
135.912342987812195
150.586188287805840
150.163998286003789
154.676449487897884
137.967961699814879
136.047015424726055
148.087483842909222
139.171714477621379
140.935652147618072
150.656434131293707
145.469567793711036
149.312178493820284
142.001215209495200
151.562702232074344
145.791659212675967
151.282758796164018
152.910803300313745
143.662037151621092
148.886698806742203
146.821719586395972
140.047845839787925
148.211001370805945
150.305470840666231
139.882165150123939
145.300642227556523
150.140158992488921
152.348288978260939
149.435846656732764
146.477300817278859
148.778482946835879
147.974800390969904
147.117245029798369
144.218059393899381
150.076439228504171
149.560257622319199
144.112067085381028
148.496648309671343
151.411027098238435
138.116573288001803
151.125028346489245
149.411969008211742
135.576284253824213
149.366796842958422
151.478088983395736
154.010811861429346
152.572801182274105
147.173388190149979
142.935073206564482
151.692647722668767
147.791041611443035
146.150505761508157
147.887230143086100
146.241270946866393
152.547228063964980
149.993595673421709
151.505117397442632
147.851067553815568
139.165694193352692
147.866057332628372
140.023633332267508
141.533158527327146
137.577443228676003
153.138400947030874
149.000285979158491
143.535140074883259
144.698463444426949
153.566513372647847
150.983490930311575
150.846380024661840
148.586232935505194
149.261528005411208
142.709639553286593
143.595061506872469
147.940029864432404
149.629523358495277
151.137968476004659
142.063447858398291
146.354928027533333
143.935822913815741
151.138104845227332
149.955508681315592
150.374011409356228
149.414476336836401
149.234238720924537
141.198751169612649
146.763692329762932
150.842672317427542
143.381853272528758
149.695924965052342
149.140762950955036
141.962674185355098
149.741520894819047
144.922957082684746
149.647784509178734
149.599869517144015
152.802252710043149
146.110089855830438
144.967099352706953
149.407080977857845
149.044948254753649
148.629393449059762
140.441945451206749
154.071292002566281
146.155733955302992
143.706542151229627
149.657242566445035
151.607806072592155
152.633153229429325
145.717657219288640
153.692582888005234
152.433770132530981
147.790472846795808
152.096045453091449
148.224377982183114
144.553284746696107
146.308587475892267
148.494577954281880
150.479114290175261
143.902760911646197
149.280429257227865
139.982410947997408
149.226536959761148
143.914170829966707
145.860933800787166
148.335214567170397
148.286542911765366
146.033327330861681
147.479238708060478
152.173610000926061
144.754056855695126
150.151385952701617
150.810496103714968
148.738182412482388
153.411236291044219
150.366245678942391
148.156633854668513
149.900034635134034
133.815522134894849
141.326206393683407
148.130978639836314
148.361321207620477
148.383678476138016
127.002342641303315
146.533887061582902
152.056951634285554
143.909885917598046
151.011742138317345
151.209560697008186
151.204308831730486
151.648596454801122
151.680037429549316
150.075971567825434
137.660641431068342
151.598329250579383
147.548939888453049
151.193573639221881
151.543438145943014
153.394636434753693
145.374817106730490
150.523350126072756
149.097331825250052
154.485611239608204
151.470339669957326
151.318949937458285
142.736389206170315
149.649666564840146
136.881065969227649
151.138136912292964
149.252588660326097
150.190779418951848
152.820922733655522
153.604412805494462
153.550025242673797
150.184211583989878
151.429639802954370
149.043224587565163
151.356692088159946
151.290032774224613
149.222188748567987
150.854641979157464
148.851352345424942
148.118828850572697
152.262040485682377
149.646554210662600
154.230787191485092
143.839656389343560
154.715036513976656
148.410176421426797
145.863593755433357
156.350402735926423
154.134323041862984
151.977952386491324
148.638810307729472
155.015225767290531
151.441116747217791
146.455275993882964
151.181950494149049
152.968094193006976
152.852972400124656
152.690363944696060
153.107557092119009
149.455670137302377
154.275032583357728
156.939234985948985
152.755579578810000
154.130473387112119
151.686339676585675
152.006137414652898
152.136992633668513
141.799037013275267
149.827358929352840
152.514617131328976
154.101774556926216
148.618347979311409
155.563035865115921
155.041155920408670
151.633438625801318
147.306224381091226
154.007647221013372
149.574973073840226
150.708518368078501
154.555802578436499
151.712017496762655
154.427709985793058
152.990202232515429
152.543529539540060
153.181539289684110
150.690096493913160
155.644770702491911
151.243880878252071
154.753215677561371
152.619462563378988
154.149338051931636
155.812605923309718
152.403644158253087
155.880258863107116
155.776292962420285
155.014751476243447
154.844371671819687
155.247799096303993
154.659320114865608
153.207282848508072
155.992950923685243
152.632263608474375
153.271286511929617
154.976844447692883
156.667353729769076
151.765302805250798
154.842890366205353
155.471447189028680
155.479399776783424
156.764660975213360
155.858963873959794
156.532858069541192
152.392225440737718
154.236980403088779
156.083411400563932
156.847621904284182
154.482717675862091
157.934627064663516
156.217880501299788
148.263818603759034
155.135133862907225
156.535809081323777
155.406983342450616
154.834972377343973
156.513905912892966
157.271116612018119
157.499983096398751
155.518166641044076
156.749454321377385
159.310644626139151
155.157686510836243
157.670887493776263
156.693520192058173
156.278227937350636
158.997241815179365
156.837596112909182
157.929581893602546
157.787199965815887
160.403032703095761
160.565975001216771
158.898336837584225
158.782450761346468
159.581972822850247
159.710020387800398
156.768235792812902
161.397330240278933
162.343930488918858
159.693970965548090
159.987135986961761
159.644710115439551
160.372232463138431
159.402638860547626
161.715862520800897
160.591474341458309
160.237696285836591
161.580033405545691
161.642436561081126
160.473109305446599
162.009919486890112
164.979458488626875
161.902896534536069
162.281120791318216
161.535403065982706
159.325307455112380
152.474411033671544
170.551363897403661
168.729982861040497
168.033950578206060
166.332350522804830
167.122867628299218
168.301451671168394
167.513290098401654
169.976118139421601
170.661398847174723
166.530892706659472
170.484045968619540
169.107555497027164
171.606302398594607
171.509572196966900
173.477314746514310
177.361467641211590
175.341305395010977
182.442008332512870
190.153863564482350
186.009301252450825
181.430806463256005
180.728632731122275
195.320692583160394
193.333367110575438
186.846955782103635
187.994819502189301
183.862402591028342
177.667378160272335
189.030343259825486
187.448514731012523
188.796106775512044
193.745302113993574
189.617520236003799
192.694168350952225
178.583692997641378
175.725226601389437
185.791398820890038
196.520046537213517
193.649067479092622
188.488086784005162
185.137849204412078
206.473017537706255
185.012167302700760
188.522168546782922
193.673519324397546
196.500360359194957
185.855062582990286
175.668421274458836
178.674009880638749
192.691650880138297
189.578067787974874
193.689118930391942
188.812530957366789
187.437091957064069
189.150304973062873
177.665747837206396
183.893725375229053
187.922621715694447
186.897526063949044
193.387302919909700
195.329579566664080
180.725230099801337
181.472840021573603
185.984750359869565
190.174478305835123
182.447649636573914
175.279991097290178
177.286032059124040
173.152736714743526
170.788092208915458
171.358431889147425
168.556657783263006
170.112005831612663
166.875481641948397
170.320548175782505
169.207652997221885
167.735282230160607
167.068616455391918
165.946942526833539
165.489663946686107
167.211968278109538
165.851679459394006
163.739079273511521
164.232493785193242
162.894908937729667
163.522754851594925
161.650750153019970
163.188241541212761
164.818603066081835
162.228838720198326
163.253589692668754
163.857791743538542
161.999762955507322
162.012860072430328
161.113858206610416
162.161351310015476
161.720726033571822
159.776146705691389
159.369635109847877
161.141709572790319
160.904642054452012
160.645973738823358
160.343886994875504
157.980781864715084
157.362455512070539
157.134804699207848
159.589086401299028
160.221622233709695
158.324864933526356
160.739255834904952
157.403655402304736
159.190137677268012
157.161428780433738
160.551297786496377
154.601439919307978
155.961826576635815
158.510595618158106
155.298836962002554
157.045141245387924
159.346127268779583
157.168549945049676
156.961197027528755
155.132415274587771
158.639205080022009
155.815343473063166
156.297978061941649
154.342751747566354
156.645125208684334
152.093899322110076
156.576295015350951
154.576156606543577
154.840141274287248
155.942202071654179
155.062077409527774
156.729180909953300
156.639870489690821
155.962980841269399
155.368761831361581
155.419144092142744
153.962865403926628
155.421330336221160
154.098569227261635
154.447887409675133
156.530888973115765
154.296912569297092
155.279268886249582
153.266040978263561
154.546797205737761
154.524064742053866
153.198068234583729
149.179201694116500
153.586840578427939
158.024632420101852
156.572018549042070
153.473460117032687
156.179534050269609
153.110097070241920
154.767265681766133
149.966640375987168
152.626734515450892
153.181277434465699
150.752620408582032
151.205586640182446
153.163009233785061
152.736277442966980
153.932101332231753
150.208935526317816
151.099391551364249
151.527871981739594
152.408241599644555
149.264659707474323
156.745192867570665
145.453313974741747
153.167754171381006
155.519068369151483
154.410942674879891
155.098774600784537
154.335883433647012
150.931232228544133
148.741849278864095
141.604380860047740
149.264768772036660
152.930037967083763
153.142421577728925
150.862630252930899
151.621436265710599
154.004563126284637
150.108904533478807
149.053980966891658
151.202674510930819
155.175289025322741
149.835824962433151
153.270344544949978
152.793851225520655
154.164273279473491
153.003335668962166
150.743265709097983
149.798238362169968
153.575691561628418
152.767401304295703
148.473325456087821
144.090521819959463
151.505829412276938
151.542471725279796
149.868904007307179
145.872471790700729
153.534529682226065
147.644809726528138
151.088307425145672
149.697068499968566
154.488962283310229
148.549743123168639
142.873928639434837
150.841240037299514
151.018608691738592
145.360478582045261
150.679056600318631
154.068637410398424
153.458610853984140
147.564052054168087
141.187851359894381
151.358654511052521
152.409770941230789
146.296990605692940
147.460991401157600
156.025379992363298
149.142727535547721
148.098458126058290
150.095598922414013
156.147949801850189
150.512840224750306
144.577273372425196
148.025876029360234
149.794919300758750
145.136347000582873
150.190287730108963
144.843508514957961
149.911528501333720
148.280200953797873
146.631390170629572
150.499065874134345
150.929289884399111
148.343623217077976
151.246015470335692
147.285615791179652
152.269045422761309
151.460634595329054
150.853488900059574
146.769290632665673
144.765327519835523
149.241839894456291
147.226150151963225
138.258331277146681
145.411709764221428
138.892220374847199
153.451235753976619
147.302872944919670
150.395177100318563
147.405412408759446
147.202346750385118
139.808174340390991
144.305811504182344
151.888782593553515
142.838302825422772
151.500429645903722
150.555431107549737
145.849727182478034
150.422415043921433
148.828724168716832
148.538191605026441
150.621559837222378
148.025955965136461
146.208038209736230
148.994843127142758
149.180558557054439
149.254388704381626
146.111649946692978
150.006863873673126
156.165518326710810
147.952037032536907
142.843457493489979
151.019345360954247
141.362268568582010
149.227121250491621
146.523844875123416
138.359761775049719
138.233392413110664
153.323377512738176
153.682120115433008
146.428071931224252
140.141288457919217
148.428080746146549
151.196336697919719
151.067535168501365
144.089849862521049
146.699815742346061
148.204098367826930
148.497047158225740
150.588574409383000
149.881542219151584
150.459383481486384
149.167178859951463
149.159974263351046
149.523288914880879
141.031246416216334
144.199996949455823
143.205673671743369
137.047451210333008
149.729567989838017
138.214519215046607
143.378381542734246
149.749826433554858
151.743924515513271
147.706222477932641
153.459519375053389
149.437321057812824
145.990136932753643
148.936577622700895
149.448437441858403
144.090603685278637
141.740742060618572
149.185529488489578
153.808872064514674
144.569249455383300
144.495667644521177
148.113560925401543
146.496536275553439
147.580274927511198
152.716530105961652
150.310696251321133
142.771324907568726
151.229538126923046
148.846251643627369
147.412662523944761
148.633429440523742
153.463749803779876
136.032027680285637
148.520784227606214
128.954566658335324
147.030603910745839
151.778885985698423
152.732392645824007
150.916471179038240
148.404870730790208
150.649375657303409
144.848121243563298
148.416449401713322
152.561692006568649
146.389732272578755
152.966339359306346
142.463930037053444
150.499494197700329
146.574768189509200
147.923760299587997
143.108153652074037
147.233458234323450
152.242853539656409
144.684892687806041
145.595004700436334
150.042138606116595
151.665425682998091
153.481080590152175
145.436056338075275
147.389298557833712
143.847136383567459
135.972531807842245
146.261642073927504
135.211854875415582
150.453743561070894
150.810097366941079
147.858674731709073
148.135612445639453
141.800683888918627
141.535895690712607
134.656732813961383
147.151039435399014
150.844948988280606
141.775853817334621
150.959706262435077
151.035891287554364
148.387594118534651
141.777466951427016
147.848504739243936
142.400976699812219
145.171513084371725
141.172123125450469
130.088174376522232
151.067409778271639
143.969694190335076
150.259894934748502
143.576517700038238
148.807672322758776
147.506805435606594
147.790183544298259
146.867908377953086
142.387854371739849
147.883945516903424
153.999681746928701
149.329950890925545
150.509503057095628
149.141938758735250
150.113817482499314
147.586993100118860
144.250717061524199
146.899425860156185
147.352377461678827
145.337053881889176
142.569428483992738
152.151520401996095
152.364165116052277
147.728057566448484
147.697097083132462
151.721224482674955
140.583065003482602
133.807784936417136
149.164012075930657
143.031948904417504
149.542322627287405
146.663108928714337
152.661563226762070
146.549371247712685
145.724952079958172
149.625928756383701
145.636548998116126
146.887897439137078
146.006209848772414
146.241067434404897
146.334956869958688
152.968177482001551
147.792051459285659
152.887593078123018
124.558033703653109
147.577467892444020
146.447469720207494
153.328076692809191
148.911752364908210
146.497489821522464
149.328874911555772
144.185402708072814
144.826147848683831
153.203178476882130
