155.809432409403598
151.726736889208212
154.948856353587814
156.121639331985648
156.824684033524449
153.246786776612282
155.785547634781494
156.625110631174948
155.060130274371062
155.389986196982306
157.430036602837447
157.324318998957494
156.151936452306131
157.121181556531496
156.961490999453929
155.913123182996628
157.032117337500750
156.976429299388883
153.078698953423640
152.645695291179464
154.783886432361015
156.564310404812204
153.883917522338407
151.991442401039421
154.648705630241949
154.093426179110878
156.374880114177046
152.923008552422573
154.815208799280441
155.913849048184574
155.851154549844097
156.259340748995641
157.093593034123813
155.578203132537226
157.710430801499371
156.348036550745746
154.562572407575772
155.085336406412864
153.334070593472887
156.171403587653799
153.717083716058539
157.015964918806503
156.079026069283060
155.142304815397807
152.301898560821655
156.850536537427303
155.245536646132962
155.338944645536372
157.959458616092746
154.834381471806097
153.147518847776638
157.262464908558400
157.321010032204100
156.992833211022656
156.020350731786124
155.812161862439041
155.448917954749817
153.783359317839768
158.329190026417564
156.436220719503581
156.050033832158817
154.742003555074206
156.166936453340327
154.894434010912533
155.309032298661748
156.170224357628513
156.791233423651562
155.842499565606801
156.221671552377245
155.514307742290157
150.934413736762338
156.097577481679792
158.555551105840863
156.343253703771325
154.721182511258149
156.892987255326631
156.301816086634318
151.912437473944010
155.259702306093317
151.652234433678814
154.899822058235003
155.182307836192876
155.094652058663343
152.920995128060298
154.911750258764613
155.646100712912101
155.818781145560706
151.323773751707677
154.577992016309139
151.670655419025479
155.423879284546842
154.003364946759746
154.152792113184518
155.391383774679866
154.677027911884068
154.822751009556725
155.417890929593568
156.503244786115204
153.648728571072866
157.691316700260217
154.452806138086544
156.574268880851633
153.017031578705200
154.994622428670482
154.497533356560041
156.536945139710269
154.570216504775573
156.036404269711284
155.557258875269326
154.705231217664846
153.131964152635845
155.227028356831084
153.587893204316657
153.888673594195438
155.909190147093284
156.348290402997776
155.436026511690500
156.246004774145575
152.744766969272121
155.919928715698916
157.891858780110368
152.723549853446940
155.279934228595721
155.241857521834532
155.508111241257268
156.719843837114638
156.645170725748869
157.781350223776258
158.685509462531428
155.582434241596445
156.833429413709297
153.035893486530227
155.459210373099751
156.893020952646907
155.673900023563505
157.046812940726909
154.618102763150603
156.295188415165001
156.593940778320245
156.551139921253537
155.701577890376228
153.684705112399257
154.511801671478139
156.759715547638507
156.444921119765638
157.719725556346049
156.773753954633747
155.113257490358819
153.358435566713723
154.020727341899430
154.285213516515768
152.431065570531416
154.960776663973434
155.489269774078991
157.872667275080659
156.415016744533318
154.953462467830661
156.905065907575533
154.799063135890265
156.588790427703941
156.417909756462251
157.011800792049826
156.023651723878800
157.167019009068269
155.836855242372792
154.483257821896814
155.764072995512095
154.129378471563626
153.518334611050705
156.544783003562145
158.001673583863067
157.991992558895930
159.354738390871830
152.368750009292313
155.558185989817161
156.792402012601968
155.877917074659933
158.156440270759362
155.476146054805014
156.331041343190435
156.478647586916139
155.465607115293324
157.657209527640788
158.374008228107726
157.767207177699106
152.584165380476577
155.690738358671013
157.639730018377719
158.132073077703637
156.416955526599338
159.421045655457789
155.348339849364521
153.936423546269253
156.080956894982023
157.080810340512357
158.102684604969113
155.651601615544990
158.390274589690563
157.555451703688391
158.987820122895414
158.106782956223356
157.985151243939356
156.463687854709661
156.232718980753049
157.736049496013834
158.486833503017834
155.454798039430159
157.689117979845264
156.951099386339394
155.980251976697843
158.271330166233241
157.605915657442551
157.184158443238175
156.944883956076097
158.790237839591782
156.929476807285027
157.231425348238957
158.349943703427925
153.714197710577054
158.158364555432058
156.159749221143699
157.065309539390739
155.784994301316402
157.465950184251881
158.340858075954856
159.082099495086851
157.927959415580546
159.330840594166034
159.469738135242238
157.377167327708207
157.388912389461723
158.828433665587767
154.659022250626521
158.747244899097808
158.649179170213387
153.574855781061842
156.702922157289663
153.820003719056217
159.457092825173902
158.046433842714265
157.492162822111197
158.073987326813210
157.880057983286321
160.593783521886849
159.462170779004879
156.154803051511863
158.666186792025627
158.830542139383397
158.435552277345039
158.073408823783296
159.119639234597543
156.457470977234181
159.857219433825577
156.830138508104568
159.226888035644748
159.618488153011015
158.400325038891594
158.044324802288088
160.283458724894956
158.653683421373700
160.176749810115240
158.376133882353940
155.651824888058457
155.176123734361823
157.887835121431749
160.513597601672330
159.985290239294386
160.084297294338143
159.105670781912721
159.994627270121669
157.144312449207177
159.472594809960356
158.999771867540034
159.762288838617167
159.010405931296418
159.136989837504842
159.161302393334296
158.446602412556302
159.208019039154692
161.323606470876626
161.133444023668403
159.827016922208685
161.218356455131698
160.335510256341138
160.147007437011325
159.583929952095446
160.303969220568689
161.116236814726335
160.685393038106042
158.334719547502942
160.442930500516638
160.905322570912375
160.426035563874024
161.010140567535871
159.919926387797176
161.102058705613672
157.724619527040261
160.550170839988425
159.658510353469921
160.328001872402638
160.679902558225962
161.100799099650231
159.803414812882323
161.329385871357715
161.017537189758173
161.251308366952856
158.918324630424422
160.707759792611512
162.058669808997450
160.619128809733951
161.131745745714454
161.875822490258116
159.962343070085751
160.187759946296097
161.193088254704378
160.327588267375120
161.739687979559363
160.845914268898042
160.274323622201734
161.392134747354447
162.636705115509443
161.916307023301584
161.659672718270031
161.470346903793853
160.538588207174968
161.295030920116034
162.054636517471494
161.670323445505289
162.856472325719835
161.693110723624585
163.518917205282122
160.165608205601444
163.776972622118848
162.298088317912175
163.371968453217789
163.016308463013502
163.579985185588015
161.838648762584086
162.799226658197540
163.209401978748218
163.622830276323953
162.344844672915968
163.473802787300713
164.092824781143293
162.989124578075149
164.307987537582676
164.032724528891038
162.610126593648772
162.975895643624511
164.355086427521428
164.427678843198635
163.909829963883283
165.242132615666264
162.712412563401699
164.924902889974760
164.732899213263011
164.362226898949785
165.953897078078370
167.909289674334048
158.361399766102579
163.352029536538197
163.905119548993071
163.288622992219246
164.771602856581524
164.000773237492979
164.822630541239022
164.596820459754241
165.306217423234472
165.324808305287775
165.390639671773329
165.125902571870398
166.243933424145951
166.595627165708606
165.603023193330728
165.464310306255243
166.531788201389730
166.370285663174712
166.464574754646094
166.522981327472678
167.169210329051509
167.170628683960246
166.863518918668376
166.727797744529227
167.698283431350461
166.647906384513874
167.470799909316042
167.201140727814675
167.792701386868515
168.108543141515383
167.866832861656178
168.538282658278007
168.225899671015839
168.571629969761005
169.100835280116002
168.123003338705303
168.712850834989325
168.976994654071433
168.910056796908890
168.839580845134094
169.574142129041007
168.622005902766375
169.566507965083275
169.824192661036420
170.237607770699356
170.193393080981281
170.320508603267740
170.852132417789335
170.971713627231452
170.801863930478220
171.324650081408407
171.451137894028847
171.471879206479684
172.033436205686826
172.125790252471575
172.654541017588429
172.956897468671997
173.216633634762189
173.094482169935048
173.741765632284768
173.642575131980891
174.235248629304635
174.560967824874240
174.647761682159057
175.149809434277870
175.544555161653619
175.684134013178266
176.130955234435731
176.553862981765349
176.748839697063772
177.633672607705819
177.652868954091275
178.153569478517937
178.945342869787623
179.355128174493075
179.999785143492375
180.484329713444282
181.286616560660974
181.802229914101474
182.678696529834070
183.424507517303425
184.351381624425642
185.455083848587947
186.719866044121034
188.057269383659218
189.654446141907044
191.657481799148627
194.299455445482522
198.087467348931199
204.987797792571342
218.645478109468286
201.966994064621446
196.618920139543604
193.317362582908999
190.950269262420420
189.070776352790290
187.590389436385152
186.186288853086268
185.123781722642946
184.035014330148158
183.233091988977264
182.390362381136555
181.510568412515994
180.874346549493168
180.194570485929603
179.812256846660119
179.113532310883244
178.297777455332380
177.991806582738320
177.761812797049174
177.193727593315629
176.936229636296389
176.378096717512733
176.214232490287429
175.959730459045858
175.367769251946356
174.957594821748955
175.068514297767763
174.291298355510207
173.638108538310661
174.070367465027459
173.279010975116108
173.157760435625761
173.342580484250277
172.533154003085826
172.619577837058131
172.232550147711521
171.878185715251675
172.093020120569776
171.454796173998318
171.373996239936190
171.061913593107960
171.030501551749097
171.125009728869713
170.850941594303237
169.931883010925162
170.002177488023534
169.911410464017990
170.174510391031163
170.143119426370930
169.925556271923369
169.592757456882282
168.977593707928293
168.631318205218435
168.844223353360064
168.586237423897643
168.356711177255079
169.133837176049951
167.928283092270476
167.976614970368388
167.400775925245910
167.493934753461986
167.268397764455699
167.005192567182547
167.726971317563624
167.771706938777754
167.396444696407826
166.316306225440684
167.505773268945831
166.312391014363413
166.477928428495773
166.325962345597731
166.925507585769253
165.863437861867027
166.046207751787989
165.139665672837225
165.409102051712892
166.071208536223367
166.075646034691403
165.114275199659801
166.014374499948730
165.343812037981166
164.189786040826618
165.282436547726888
164.643896696743411
165.819935058279611
164.296095927467206
164.499506095783516
164.342871414100358
163.955075285466251
164.591331745418699
164.593651754543146
163.378531223086213
165.118933447604888
163.294691303719191
164.555734050808525
163.556079782854368
162.368094824030464
163.925901641741348
163.000964161554748
163.773555516985965
163.093160292748991
163.046323500746780
163.306154772467977
164.071965082928301
162.608923042369582
162.881433894815501
163.754064229362683
163.736177399459535
163.957574735496166
163.419211613677646
162.758684024223470
163.152187303390122
162.584657055980074
163.002177560369006
162.611694281043640
161.693817747998168
161.989335524794853
161.232351252624710
161.340118906637286
162.849312403701447
162.068653842025583
161.791733109719416
162.496450500509241
161.420315354177177
160.943873063275703
162.780512155527731
159.884892981395808
162.763192486580010
163.274633304333150
161.859408362835808
162.039905867769050
161.748118746163215
161.108448202373609
161.367760372519342
161.078872481271532
161.317481661047566
161.404424858259404
160.311616039737032
161.511182705995139
161.643425288097234
161.233766139296279
159.782812229083248
160.383196134757156
160.037345238007219
160.109614366271614
161.572558423215440
160.060776200051578
161.003580309283507
160.673293902247025
160.312527129394056
161.112553148806569
160.182408456791990
160.937426688407754
159.671893557225360
159.231665889705454
161.754341519989111
159.809764415144485
160.384511173539408
160.139136631272009
159.924207552584221
158.508260894578598
159.067444304875750
158.843205459390276
161.547907278684704
159.270058720160705
159.149468981216103
159.734662125653870
160.414862254509387
160.044597771691173
159.720147166127560
160.480587181532428
160.936567438325369
157.370051792959487
160.342350778429704
157.789336776771080
158.532372828567958
158.757809529617958
158.534066626305389
160.112742959132419
160.756839576281607
159.801583249157687
157.330067628614387
159.302581648653046
158.525519050985679
161.576611898821625
160.084731198533859
159.381083311035212
159.318885147641481
157.371997634562860
159.790371580547458
158.471787854115377
160.667241937530889
157.578431428854287
157.275217020504783
160.046358958513110
159.687531202601917
157.252854729191199
157.233087626028691
158.965232730735636
156.526474659927970
156.076793066522129
155.638995069201115
158.126853980229640
158.697258469226711
155.807287421718513
156.397574242108192
156.561573871194469
157.601377550327186
158.924247325942616
159.319379682266543
153.769066346824218
158.431960589926717
156.547787891745571
160.502549023571362
158.740439803271840
157.362326588002446
158.526271556068423
159.205071248663671
159.618413172086889
159.536475580154956
159.292571106224415
158.535511790840246
158.749146673754353
157.048009079269974
157.578871839521753
157.410272880271265
159.383212432012073
159.005538506387524
153.786473457487517
156.965182773999430
156.055625243185688
159.050248250681818
157.461160857971606
158.128265185691134
156.200196318926004
157.202755160528966
154.955693091463786
158.957853787740106
159.445877457198776
156.170315285856134
156.176217016764411
157.183944552922213
157.205017397235110
157.160012861462889
156.780534108376003
158.640289727664083
157.384404515139778
154.737064373132910
158.774777079689386
156.711153436278835
158.499776167097139
157.310180056965578
153.329534941349863
155.009964176350906
156.386353741336507
158.695497066689398
154.578575785016426
151.974579549438403
158.914933173228178
159.519506754446923
157.791229645477529
158.988596509706326
156.734093187279967
156.452907767165328
155.148991380076183
156.615319595866026
157.991609225637177
157.844162572785109
156.542526946638816
153.954056058375841
157.333735411109870
156.258395324952119
157.429672369509575
155.766396284436951
155.987349141132285
157.857038132675257
152.766034459145857
157.713337936831692
155.238124381646770
155.224115783773044
156.899394810258798
157.342495083376349
156.987319646475839
156.016414218922989
156.879246361384304
153.657932414704419
156.738035828064767
157.770971833162605
156.019119900059536
157.110265935911286
158.913884499014273
156.396944163456794
156.668602299369184
157.066208339024058
154.487687781357351
155.743672936631725
154.016663533540481
155.109292925198133
153.481761744967486
158.121299658042460
160.311804824169087
156.455046354504162
157.337424606896946
158.249305792963725
156.216450625456048
154.866837636202149
156.298519912152500
156.199073649973229
156.880542985844187
158.629703567038774
155.744892495768852
153.468080441601671
157.724962248722193
156.615867939703946
153.445373386997403
155.122313893517315
156.208097758241280
157.369965995513382
154.870251873550103
154.637855392503184
157.350693409087370
154.688177651795087
157.220753503700422
153.596910789383571
156.251429308759981
156.858738884963827
157.309718536293360
156.975401620184584
155.521931324383928
153.578002723983275
158.771315329444121
155.959267017054714
156.896535796333069
156.823545562072525
155.831664926130060
153.535875999643537
153.545861535880050
151.901241560567854
158.029985905066155
156.336636407375579
155.145939515602976
154.999767223761353
153.352705894461110
157.711045109296805
156.834450109868243
155.566938850109125
154.163034438846324
157.531710832286137
155.113199136613218
157.021647591716402
