157.844428544182193
157.369198665492320
158.665164869748423
158.459035923691005
159.804233902217732
160.920603148172205
158.265124312678410
160.001953992961177
160.716160243934098
158.920639437566365
158.294765731958478
158.131658019869604
160.795903896355725
157.898970067302116
160.440779038579990
158.567904074536671
160.135889806328692
159.202605162189798
156.681545048099764
157.619133154180190
159.980958198076962
158.707782639808499
158.551362053121693
158.593993542586361
155.831796699475802
159.054356523676745
161.405248375957910
158.665586631155122
161.383893538178768
158.922318738327192
159.945299137141092
158.650718182060103
157.536636419211760
157.868075077679919
158.072952720546112
157.971636454125701
159.872978618537843
160.867174873777799
160.294473346612449
160.819825602398282
156.684679339164092
159.907900406821909
156.683866651445612
158.257240918159113
159.725912922988670
159.726489766292246
160.297652894135695
158.339534504031889
158.036634495608524
158.660741713704880
157.146030012017661
157.804586740701069
159.269697929132150
157.998469600165038
159.464851513390926
159.478620107842744
154.591083693238886
158.782264989611406
157.833466327242974
159.202892068220393
159.583484223885847
159.149275782101626
159.438136590960482
158.040749770883508
160.060387867146659
158.758236205096097
159.093447350521075
159.469172833579847
160.163075858341699
157.283046053972726
158.678043186138922
160.356762756248969
159.317663139132122
158.427284735963156
159.239760457230574
159.636314482614466
159.395280745186255
157.520128163591806
160.980823136922595
158.690859111106221
159.602330395410689
158.920590190852579
157.938439440040838
155.495091967892989
161.131929857713828
160.581637928175837
158.943651190512981
157.403976897402572
159.090638628372403
160.486743433560321
159.069284404603877
159.987707640341142
159.247973609988122
160.852272606458996
158.821315728380938
157.634364237083901
160.132540155389961
158.620279680644813
159.253759054032258
159.744901074799429
160.021496285200982
158.029036921075800
158.893227236816045
159.714288515984009
158.049642922158881
157.703296321626169
159.616475919394304
159.540900918142796
157.800834581278224
159.251109605089823
158.566139077902932
158.691777342413644
159.785478788126369
160.145159314363411
160.547459990908919
158.764291049863630
158.944983249288470
160.250579947761764
159.899201570878574
159.676659801997062
160.030704403158524
156.546072666322999
159.066893265333761
157.547883711853217
160.356537573894514
158.806856253030134
159.051514728343591
158.730644628710934
159.876514883163509
159.063565184427176
158.721237869478330
160.135336451307523
159.413568958380040
159.882172377892630
156.458398324822554
159.248750663899131
156.997397391308624
159.498394797672574
159.134031026493290
158.224205550873251
159.108396933107258
158.766215195009266
158.387364806525738
160.359509209331918
157.456676995061997
160.390979946523885
159.769703439155336
160.194965260478114
160.528535636964904
159.963291420367881
159.399265415578270
159.682180580371551
159.942395198496001
158.218239087409927
159.289997559143728
160.542760500378421
158.932912006055290
160.498100243226531
160.250169881262536
161.099965551120903
161.572443371708687
160.769410850007233
158.875299201035460
158.689898285341314
158.687002597465664
160.992106459799373
160.093442093630358
159.593295726965607
161.431708684850207
159.063851608723951
161.093340292589716
159.189299908278258
158.825017659218190
159.614958300039632
162.110482207987218
159.249538892546383
159.075598562315719
159.902582759114409
159.513993627169924
158.918748298070284
161.829013951733089
160.599945268510851
158.471261527422087
160.768856760890174
160.033117571657158
160.138129979724482
161.704265721532039
161.080990451075138
160.419882912069284
158.618580697604841
158.199686646295987
161.345895036736522
161.923838308051131
161.361228441721636
161.703764322759440
161.108203937622676
159.095718988265304
159.992597286206120
161.466045461430070
159.118731558288317
160.487714998345126
161.149382238335050
160.931879977744643
161.621226597334214
160.252732041340721
160.192055030367300
160.235210840594362
160.253911409998182
159.413957807205065
161.765842285882570
159.561242158732767
161.245560647971615
160.164411219369896
159.875397193532706
160.281694553893885
162.192667884037007
159.999747086694299
159.786291711988866
161.281599800089964
162.321851755462774
160.861904166024232
161.457483144097324
161.386512655392096
161.153407918857994
161.419283248165726
161.256691019846016
162.412866750063358
160.338887067043430
161.000585916593252
161.130442955478486
161.661005497762176
160.221049605100006
160.740439914982460
161.890655456332581
161.126181527692381
161.004210268588338
159.157508263183558
161.062129450754981
162.037521919158166
162.301528657852202
161.183414601193221
161.933532198943908
161.796651190576313
159.807500575985244
161.759672230438298
162.521174800233041
163.065527877543872
163.224924045812486
162.224027675085324
162.121809537232480
162.920414736557404
160.163898740406722
163.020478287403165
162.495297623869192
162.322113592490723
161.751358212820946
162.267140450676152
161.649050648245009
162.959240122449359
162.110811114328357
161.799134208620927
161.067145639144798
160.137872300692692
161.932335602997568
162.555707865983095
161.776799041349619
161.911989874566302
161.982944679754326
160.128917582615060
162.737127143732437
162.960741170414508
163.431105484576790
163.117061168603527
162.200990634731255
162.667636914122085
162.561305825634747
162.525450493289668
162.827991363963918
162.390677825065666
163.322209809855337
164.254670184384224
163.778425334589627
162.800966883132219
163.275183380872306
162.813838471060848
162.701525064675593
162.727451012021021
163.048153262285808
163.784957444206356
163.029049458540044
163.883812198764332
163.606925687136368
164.523419706046639
163.737208342699176
164.024697105414788
163.628825003661348
163.485837711030456
164.263362287719588
163.628765479264473
164.269815253758935
163.494918819952630
163.743601235715630
164.792297867519608
163.585947531372796
164.777544048643847
164.608396930556808
163.663613607209697
163.598857575366765
163.704551712559436
165.047540742338356
165.832536356361857
164.423144020690643
164.687196735946344
164.260698080428199
164.352723002300223
164.969711517217604
164.749109088012915
163.537806836965302
164.922420837861097
165.242573639273871
164.774025975868483
164.494296759016123
165.477909916369754
165.475778648198684
166.142758483823911
165.130841322529932
165.611938867736939
165.816480101528043
165.431748697988041
165.900578374879160
166.242632803335255
166.247570005174026
165.295259598907592
165.780801247853418
166.066045310866400
165.458073810754371
166.099468152532154
164.969095754680353
166.126955411761287
166.046745204847696
166.626661574156344
167.279069683235690
166.883488591825682
166.681408365965467
166.467506424820215
166.783096954071937
166.791495613302402
166.691969042382055
167.533135874359544
167.372213671254087
167.063399841007396
166.269481564052683
167.858512378263868
167.587967177761044
167.828377492871482
167.929880811241901
167.759566205994020
168.893751850809451
169.813244854946248
162.711110629220769
166.832327551495013
167.569988496104486
167.643382729188772
167.802853947083833
167.206095837235921
167.930698374657823
167.923949919077160
168.707860561445557
168.147247901704873
168.196237083946528
169.013117209479134
169.044746459425568
169.117657183884262
169.420020649615168
168.883175889368829
169.058856579283713
169.587676130317135
169.993970645375441
169.293017243397685
169.123804117674979
169.443186377062631
169.934259448874485
170.370555472404533
170.127397993784683
170.380488768005279
170.022824740979075
170.221000309642108
170.345623534430842
170.800205915391388
170.711488787618464
171.221287727809568
171.048145341231475
170.969388624247102
171.336619915961677
170.900853770662764
172.067345844795000
172.127856359594716
171.803727590335086
172.134713590364015
172.243033328543390
171.971887522013333
172.809139277215365
172.755473316675705
173.015736404445533
173.449253261454089
173.446740953008600
173.451390123530729
174.098483153014058
173.921941260555997
174.299806900432941
174.477031946809234
174.645946980167707
174.660409456944876
175.024239417914316
175.416256354634442
175.590933615769444
175.736529192166529
175.804191037930650
176.272597815233183
175.878360914797469
176.593021359277145
176.832374106389750
177.353097001072513
177.046883141333609
177.479213839528143
177.915533208519946
178.389619490011881
178.600743467920097
178.717546350845794
179.144098830386326
179.556407040656552
180.101312356647668
180.378779448503195
180.668657505748484
181.164464268347018
181.649786069951631
182.187512035306838
182.529948107295297
183.165071519741076
183.722832019618750
184.294020922103954
185.015439002930634
185.693050620404307
186.498139846756885
187.382243739946205
188.245644822283396
189.313919594393525
190.539421930340012
191.935334890015127
193.606941928495331
195.677921419017508
198.396581380643681
202.407592056363910
210.039917793997944
217.855528961665101
204.867237744043678
199.880214884507495
196.750405395138330
194.421145422441043
192.618037047074949
191.135025890236790
189.821004595762446
188.672494010843508
187.675914238364271
186.797440441424442
185.937301378007447
185.256889532217031
184.719478071127639
183.963739505570118
183.548257426702861
182.855617038981052
182.299126435329242
181.971042057912825
181.371447990806161
180.821230103954804
180.443215212803551
180.017897575088341
179.587002501348366
179.248440572063600
179.046831297379896
178.865200642207185
178.437907270569497
178.163118364328852
177.598559444160514
177.389902978200837
177.167671646661347
176.598746200936716
176.612682439350237
176.437856020374539
176.121069669507193
176.056706288386948
175.860325445137619
175.402928194147165
175.307955795947095
174.925746962040023
174.718465344489886
174.550931282435272
174.322612649034596
174.421758125154838
173.859217605223876
173.901003991663629
173.607999943960408
173.439985112428730
173.716472960131966
173.341471418756726
172.797948792369340
172.808361586481425
172.759549669473358
172.225316621036171
172.101759585415522
172.184525467113986
172.078025500660374
172.166945551016966
171.312585820813041
171.694164942880775
171.561055265005848
171.728438692685899
171.144246034110836
171.068799164759781
171.299062767373044
171.040751167800067
170.683065533177967
170.627343130212125
170.375734701622719
170.852759099642782
170.369456002648690
169.462326475329661
170.297945782773411
169.707532794337851
168.880329887215737
169.759984674547297
169.179873773400146
168.841301499559279
169.519250271745506
169.243724725168420
168.995299169960191
169.078066869822749
168.687380856443042
168.537876398309805
168.357646559324508
168.368351672048789
168.409980639992000
168.182986757452142
168.090282866574768
167.778160746520371
167.772272693109841
167.600582690208853
168.583459890820507
167.911564563980903
168.559784709248788
167.383100261636599
167.301898352680155
167.465547115319993
167.462784158125800
166.857392443195863
167.033174211951462
167.091313019770524
167.749671183850211
166.949755081126170
167.114959814252188
167.598232410131203
167.346692845503952
165.973470502964915
166.009479124334916
166.140697391981263
166.516139702608882
166.377246053865917
166.758041495530051
166.455391457866995
165.911564695364717
165.986675144421611
165.772035077234563
165.056748326983012
166.439730523656493
164.683179053518984
165.965106481365751
164.987325314677435
165.469683267275173
165.639203556737357
166.213016585441835
164.738664393118427
164.607003600371542
164.862337560431229
165.172606427068388
165.453570178378698
165.802352233205056
164.386959122801812
164.395267164297849
166.087256857950877
165.489913781243729
164.812530596574391
165.375260305695093
164.404277786095577
164.356191634386676
164.029151722718581
165.311777135347256
163.523838889981306
164.859483253827619
164.213929377904776
164.741861667659350
165.326949853505710
163.886403635142187
163.399118431398279
163.540766909391095
163.652932387670432
164.848453528450875
162.976049845032264
163.356566703057979
162.685520788207782
162.444673947770525
164.216181912561979
163.875023000587703
163.321751091478291
163.979175955151106
163.580992799854243
164.222445840330124
163.561370134323113
163.208699842340508
163.397101218303476
164.924700979041461
164.279440329859483
163.066550973134099
163.044344759245831
162.646129039021275
163.360709410343986
163.592361278379855
163.536969166720809
163.205539476717604
163.600031445651126
162.689592549361350
161.909538188131478
161.827296773593019
162.963028686544305
163.477481159882814
163.002109216661211
162.291104996185453
162.970572396496749
163.748842742676601
162.424859583595946
163.941878628621708
162.277937796417859
163.733528135659924
161.779488729925163
161.430692240688529
163.114208711934452
163.436795006283972
162.506699451910322
160.883884625919904
161.831946718654933
162.081651304783009
164.003456720380257
162.352059296397954
163.183989619174213
161.838225684732748
162.186372666685543
162.354609086807812
159.963984808415546
161.655135682570261
161.852667248253056
161.808921953184807
162.238619619631322
163.127137589868596
162.803552150294138
160.943739581882028
160.884556683896534
161.921386950198496
159.978748690592141
161.601522464111554
161.029323306975584
159.222814878607153
161.290286622317609
162.314570045632479
162.037539517647787
161.696234938535639
160.702852302486576
161.332248625739709
161.535644741989643
163.008848271213509
160.213470698046933
160.114606126895609
161.401855173242438
162.591275722690540
159.567445877207831
163.752449151799283
162.380436225940883
161.750542398756465
161.242305057815429
162.059100276541642
160.988792762495194
159.830279626326814
161.108349636560433
160.388109845787454
160.895641506177327
161.393412676853529
161.366416424645649
161.067414012244996
160.110214552260828
160.083018501612969
158.976078994189550
162.055529707721178
159.389745080731387
161.148239216173266
160.569984631123077
161.441623987986759
161.323816409696832
159.716528457693840
160.184652652892368
161.951450362941245
161.523262364424966
159.628153326439730
161.337141537530783
158.505073359463552
160.027444493565042
160.087574693567632
160.074958003508698
161.561451446226897
160.333987753135432
159.055105881792883
162.402446038486460
159.321068931370121
161.352883923512422
161.057700667676841
159.487644442224564
159.660530769108874
160.889392072808334
159.705000577860744
158.280430876876807
159.738024270842658
160.403504859835550
159.907609990669044
161.405690048616066
160.650829864715661
159.852245689100812
160.345753370774872
159.349014943433247
160.879548318661449
161.298527276998840
160.625739839366702
161.105539483641422
160.720766150824119
158.247918996829611
159.268415495111071
160.337233574728799
159.971102412075055
159.670316258797072
158.999389092223311
160.843280470875527
159.082455194581314
160.474998821186261
158.480799473087160
160.182402628403622
161.124148248793688
161.058334054885933
159.504334961027212
159.014848572049431
159.927130795390838
159.710583197868800
160.985580032272878
155.956987749366874
158.758361459675768
160.156810772170275
159.437706918807692
159.153565442782252
159.609041991341456
160.242903841624099
160.134009202767686
160.436248453210766
157.233012666410787
157.887736143650670
161.064914456703320
157.336425209259204
160.281261403547290
158.714016000740259
160.274594573965345
159.312169125710113
159.803358930280240
159.444935906612017
159.131805534571413
158.327784334033453
160.262898441106870
159.716640273171180
158.726920747418092
160.632722526644784
158.151338032339652
159.174616313255626
158.470403346137118
158.997285289628167
159.264674435568907
158.504513393826358
157.502831687126275
160.048158443751475
160.486003363846265
158.156000449789246
158.982920612105005
159.618548078450630
159.324788009094021
159.122483787200366
159.621861138120522
159.037175998359231
158.099983319443112
