160.326421241228473
160.419943172272724
159.956017453055097
160.808084636228017
160.319023234426368
159.259475479325260
161.585873067010425
159.724832933194591
161.064979234451357
161.313494933392235
159.998200937623778
159.554101725963278
160.375408979038497
161.106787366568682
161.301500810628568
158.577226503417535
160.061526670126995
163.511828404885165
159.130045260276120
161.400699261080831
160.624430466178325
161.708471847374597
161.655304126653590
159.339841185498074
159.278116247346787
158.900141983442552
160.463096214943135
161.061984643537301
161.483034988781867
161.067290125690022
161.588315283431569
158.112032809980263
159.739025473553653
161.711456440878607
159.563699278851203
161.936684870441127
160.562343348045033
160.877068926383743
159.998391369940748
160.215507349337656
160.839355691672637
160.813454581369768
161.204260295286190
161.025417271736558
159.280434669105432
160.842597890898020
161.829883374573200
160.268304056841885
160.968025008010471
161.025832769891366
158.933387444598708
160.981476722784123
157.854625726966987
160.620902942552306
159.997954994715940
159.707174141165325
160.073953603981380
160.876528248099675
159.273976265925825
160.925879016606672
159.832581421108301
160.308238673339105
158.485636251489524
161.234190198061498
159.897919055357846
161.742003013064220
161.240982457086147
160.530058129347935
159.998392878208222
160.401414511643338
160.681776198479042
157.571867396465450
160.933934250138435
160.210490499299965
160.758702132747146
160.390694408965516
161.447055616458357
161.012252571285160
160.133969239059553
161.065769264496510
160.924735324838394
160.599993813051128
160.886974885582418
161.514870053372704
161.367939188053242
161.048033941742972
159.839355487703102
161.279404067381677
161.794448767254579
160.910901082193675
160.853881669619796
158.405235282837225
161.067893926914053
160.774175594424406
159.301743486901813
159.702543463888958
160.125978018121913
158.760570561531608
161.443299576253821
160.166121581815133
160.579224394026710
161.378258941443391
160.448840610165320
162.138216244556645
159.010956691418414
160.510389893838351
161.538312066885794
162.093234369565238
159.837978809961669
160.767873449734509
160.549815332232868
158.720346435076635
162.315523525326995
161.676884669971287
160.770617555014297
161.604090284428565
161.677149975588918
160.169688127072334
159.715318134139835
161.921807608344636
161.015106784245063
161.218942827430965
160.701810243074647
161.246050629097653
161.137438740615011
159.344883206264882
160.186643865293803
158.644756212243806
161.634037665199969
162.636212646893966
161.066841397387464
160.586921435701726
160.426730296310552
162.059727735700960
161.439561970545867
160.439486644392503
160.741256157550026
161.173917287707098
161.463673066288010
162.350690715161136
159.330300082067538
161.504872730620434
161.498862084846451
161.710486750961167
161.349139775406030
161.287655266031663
161.253096319159141
160.319120009693222
161.615535008973779
161.374867243182393
162.613720060113849
161.821366823811701
161.209083705165767
159.810702328882741
162.055753326203245
161.443576212339110
159.378534427264015
160.412018244578064
161.471492402902896
162.202030256552575
160.462442932845534
161.894076457663459
161.449643938062081
161.691989839144526
161.687728239868761
160.995491206882775
161.161527772227913
161.088719745991284
162.008778196999515
161.545473779544324
162.255257863413391
161.785821716821260
161.766098211053901
160.977839079798912
161.139407809045451
162.272786981923474
161.461276477180832
161.227032014015947
161.969026136840171
162.317651871678521
160.706237149821078
162.451576742314472
162.082754910456856
161.704041903247287
161.779152090192468
161.934606135453976
162.753972079666227
162.260047209963176
161.193842303371326
163.090787586758097
162.154659272937209
161.554804666572835
161.517051729620221
162.728353636989937
162.422823738969811
162.887029120035010
161.483102962493092
162.157011379346585
162.559580249408640
160.665274269310487
161.595195821827986
160.983107410166554
163.076467366928398
162.958304598362645
160.306509203071641
161.783935184774975
162.100664692821169
162.459230764733178
161.890859918627598
161.880039729418286
161.564469304854128
164.126835931077864
160.522171769644018
162.137116390251521
161.792769428520131
162.237435229083900
161.366872270577119
161.951437426387912
163.301738592218982
161.447957830899384
161.561590617797378
161.552926546481046
163.129381557660025
163.030994352900933
159.925186500402077
163.733219789031637
162.742047220822144
163.053144431379280
163.735340978724906
163.392687508214351
162.346710831983813
163.012245902797588
162.799333790863898
162.750217089457010
163.014843339969815
162.327101421380718
163.734011908207464
163.954339470084022
162.285500342102353
163.567358162099708
163.866458370394241
162.010119489699775
163.025894741028424
164.400162989282848
162.743364529157418
164.474572813243071
162.311712827834981
163.318090739760635
163.258569255636587
163.302657323065432
163.607290716203153
163.210881455361402
162.839782137025281
163.158798239426261
163.122395212346817
161.862861087592592
163.115876415064378
163.395329082799918
163.101788805089711
164.810542513227062
165.025699445208147
164.510856536579297
164.065663381471268
163.826744553160040
164.622744667531691
163.343465758312902
164.565352991064316
163.120343962797307
164.359748915446602
164.033440450053604
164.354806645969944
163.323810820897450
165.339199385988024
163.734401471778824
165.193485834159901
163.907693669081880
166.174739213536725
163.888136977286877
165.062446326847834
165.387584457584978
164.316215145711936
164.323908306771216
164.791491079429420
164.471974192184433
164.170522647917039
163.605095936408247
165.191917014309809
164.657091578747782
164.720527498144463
164.952334506344300
164.468010850183816
164.747063611309670
165.146430834718160
164.807176825954258
164.869759461734162
164.985291137612421
165.717318459429379
164.963679024864632
165.085688704076063
165.940260283696773
165.420769746395962
165.376727245482812
166.652079320690973
166.073759389417262
165.269034993658011
165.509243232558703
165.468986756389398
165.308600612282646
166.229773767079848
165.629174756594296
164.777029277984639
166.289587195478589
165.694072139977749
166.379089394813661
166.467796397718189
166.233092895433060
165.139462639983520
166.808226607173964
166.803788717319151
165.859903256104303
165.399845356909935
166.189314478506247
167.294707168828495
165.812039067504742
166.601334372729980
166.754114687516164
167.092239002149938
166.078419547967684
167.015987657908454
166.114207567521191
166.719442606323895
166.725275423387842
167.336464412463613
167.684526528344378
167.544649008284352
167.831055236473645
166.814846870454858
166.588844096138502
167.801019737056976
167.659878480731265
167.676831328666367
167.663643470858972
168.135764979717379
167.617794059734450
167.807691781988240
168.369186988405232
168.095999003349419
168.263121794437922
167.344633908023695
168.080657814181933
168.626445976968711
168.401093017383658
168.823337192824965
168.349692973438636
168.377091820234966
168.824995968686949
167.785258108274490
168.673907778579036
168.204299574735245
171.518157250482204
170.234802916610732
169.553923595664315
170.032435328045722
170.258402784976624
170.042544218038387
169.999874565724696
170.207201563795991
169.813627246726583
169.780301356417908
170.064604238240776
170.157675584304059
170.163812354069677
169.998475350104883
170.398349766367375
170.471137132547256
170.889778142612585
170.278477643795014
170.790094565361557
170.875496881418769
171.182786279973527
171.222269296860532
171.207823773545755
171.132916421909869
171.692234698415064
171.435194607205858
171.395406778071390
171.752519733867075
171.602781062857474
171.790479446158059
172.327676840323363
172.331300840553325
172.620861730800812
172.566496189539606
172.956171857122740
172.550437076285135
172.733180359690266
172.625547586919993
172.991926440878842
173.602815020026782
173.394760541378105
172.819600573067362
173.704704712682712
173.598791426227308
173.972937873992976
173.861307291894008
174.213932438509119
174.673507625730650
174.974260476282666
174.623329128469152
175.026109029173881
174.839716829476856
175.411375542947155
175.334336666798691
175.767894749322238
175.857413805768147
176.332711421445225
176.287802087576893
176.555348339752129
176.822315442208605
176.916614954272404
176.923015495882282
177.585908590910009
177.661368551801928
177.764187463781155
177.857507013315740
178.346955691881135
178.475555895589423
178.862105564479776
179.158719941624184
179.342740934408624
179.845648817930368
179.857810320231096
180.499218667480108
180.634599098957807
180.880938295327695
181.396045274531332
181.741869155140421
182.164110651224235
182.516275066381269
183.035481705116524
183.411353708388731
184.001813596884290
184.427811617199723
185.011425539041170
185.357815901036020
186.033838426364241
186.732097606839289
187.484151570575960
188.262671136302458
189.113199595116043
190.077054272906821
191.137151002644686
192.339332036117071
193.802488374925645
195.554510040853955
197.663506628359244
200.494132034275367
204.719746726235769
213.293119037163166
216.594611076639893
205.800306930923995
201.156920223816030
198.124583001311947
195.857941307146291
194.103083794142862
192.644227094960712
191.369166800824956
190.325981289089952
189.313341140221439
188.402862271385487
187.682268242568682
186.916083003932016
186.195093989680345
185.510539674372922
184.926659166223743
184.515327817930938
183.959401720677249
183.624743718145140
183.095091273755656
182.561605869991439
182.272975588247789
181.637391700337844
181.444902727733989
181.026887548618475
180.549164711305139
180.414199339526931
180.068159871647453
179.851783520947777
179.609854252385475
179.052722092314951
178.967389507898872
178.457744818015243
178.311600217273536
178.076357391667329
177.872152354733657
177.199477431425720
177.532496040012461
177.359805958463028
176.968830835750765
176.615839596696503
176.534337390376351
176.219375099364925
176.240737524521165
175.822826697422272
175.626641371108121
175.425123928236559
175.394990445703030
175.194424998604717
174.802104822885042
174.741740150375762
174.764904696416693
174.583974389225943
174.544784373240958
174.041245004647692
174.224171397528721
174.215115256296883
173.649219470052259
173.600673468055561
173.024263343360246
173.139033006913365
173.304448824420717
173.168018376734921
172.987712011610341
172.888037808951708
172.676988038335111
172.132992596293974
172.490531465668766
172.089598518161040
172.263917548080798
172.183673218112602
171.770685728250783
171.961455306798769
171.620494564650102
171.749113108713090
171.393215571801136
171.569612312064976
170.836392213827992
170.908014295406304
171.037860180999559
170.460512266981027
170.953796988328151
170.866668912004087
170.563842746544736
170.135050288431671
170.477076651584582
170.623703880983584
169.369039468564779
169.616891081023482
170.126335608525466
169.959453068172365
169.888437422966973
169.758252128272886
169.635054108320134
169.502532679347837
169.117242592688285
169.329949482769621
169.609579120252306
169.516676667201466
169.329305331481521
167.711417615645331
169.206713450791455
168.925847899847696
168.773772133665943
168.268658453569117
168.186466695026468
168.492160859342675
168.469626210670071
168.449353993401871
168.231650031310693
168.087029519380621
168.014342521624968
168.541307117239825
167.969490436595805
167.470633011156735
168.016182021054590
167.339240534589891
167.549154327136762
167.790882919590956
167.694114908698737
167.280333901999825
168.033614751610827
167.811953805112864
166.896199044215507
167.084297399511343
167.579868720177274
167.671086311222666
166.702396628093140
166.969100070462815
167.373350459919777
166.897999533687141
166.415751063457492
166.679832561513905
166.813909472916578
167.183518843407484
166.609376725463790
166.003991634638112
166.685002967696533
166.122858789313597
166.564024400594519
166.142449772182061
166.274945538077759
166.325074360067958
165.840943879606812
166.193572863926477
166.526388198403197
164.975437589836986
166.723299659252831
166.122931039930819
165.669492119779449
165.606882429628115
165.384808934424541
165.887842968359990
165.877795452500663
166.245139613502772
166.196290189660544
165.689058759890059
164.749588338563228
166.020069464283011
164.592803033436269
165.806308286827175
164.926502938430360
166.002985100455163
164.610337660921687
164.142270105929214
164.920743552817726
165.097320688395854
165.366690582496176
164.547247546529718
164.409024219284902
164.993057704252948
164.261499915499627
164.365750141829068
164.421537228407175
164.855621138751928
163.844913616390841
164.938971232290015
163.935615845280438
165.271143077693978
164.486925779393573
163.806081195354352
165.022413459578104
163.316932749449052
164.672089769407762
163.823533824211125
164.793950856047161
164.159644956887519
164.406230711279477
164.732979160380864
163.966697575360627
164.535702470028809
164.667940226207179
164.194398569413551
161.882555350260617
163.046319854886690
164.232558435659939
163.535011959258611
163.362931965718161
163.262638948194649
163.892752877113708
164.538748533124561
164.551777334821224
163.437308382819168
164.199459038841525
163.657564149319739
163.776389771106352
164.493976299519630
162.694173942372970
162.660613473363242
163.341046539805347
163.428479566108479
162.550299405695057
162.904476524433846
163.909071669537013
163.220618507680854
162.512455938082240
163.339123080838533
162.759135401692987
162.475150483606228
161.479074320028303
161.996001400521834
163.309365718922919
163.073019110791392
163.617246260665638
163.283918638175891
164.017445516449669
162.339238854089018
162.461343355035638
162.654358495255394
163.395065893513220
161.780237328044223
163.180408945536186
163.085918353373927
163.413337116727746
161.299761549577170
163.599378311066573
162.786096984912689
162.230876910479509
163.335953314305272
162.078726634279349
161.342798266751174
163.394174965665343
162.951834846065481
162.190379113579809
162.381989729607739
163.333196610945777
161.980123091637580
162.808958507082167
162.321988453218751
161.491519255578226
162.080554245873088
162.194085000293597
161.306703656314454
163.687133826623040
161.927616878678464
161.617997842409181
162.139120136152002
162.225161188722183
161.393579694456150
162.478893480761883
160.898866517129591
161.442084847285912
161.463446188691506
162.011564193321391
161.467200571040365
159.600423767769428
162.917438945047081
161.243846295426920
163.242798494137816
161.524440042440972
162.921706479837411
161.851927507709718
160.913548849337388
159.601481040435999
161.038404027673266
162.065237735810342
162.327073567185749
162.424071129264348
162.500129107267497
162.308213368096801
161.497979927368021
162.262992298984386
162.132200867792960
160.464294173172505
161.714060261867075
161.452822551382155
162.459490085006564
161.766603730790109
162.232268092998851
161.944373340288507
160.345612128704119
162.058686037547545
159.609778182053390
160.963813164389137
160.776137203439987
161.607342409832341
161.207137201345574
160.345873311147727
161.759911452034885
161.398372088394069
160.988690153728157
160.868461627209570
161.394011219307885
160.352346072164949
159.821421081288150
161.886039924900871
162.111159339589676
162.055487752606496
161.402186229874417
161.220980705946545
162.307782955905139
160.588831666652283
160.094370282438916
160.478367285397894
162.194636911852996
160.306844355317764
161.238473814588616
161.529474464572360
161.423031573296157
161.462295406534622
160.953653312278135
160.371461440264682
162.006607987834059
160.851528171671589
161.270678610459726
160.392303536440068
161.024196080786567
161.846709538166010
158.492195811229067
161.834490192276178
162.779891820339373
158.229345082357867
159.888886098632781
160.784615005345302
160.734172708253425
160.002842427499786
162.246150189381382
161.442337408762114
160.583914105455420
161.171537399544263
161.492119586109425
