160.521154863932310
161.280075699719646
161.607395882539635
161.031380593489132
160.150090749956036
161.490906397726803
161.943765318728737
160.827627649529347
160.886597353578168
162.227614035600396
160.880088619023837
161.143175157263784
160.839490607487534
162.058876003529292
160.249595339005054
158.856232697183430
161.705575593254451
161.104797447845527
162.124044258669585
160.587036510958740
159.532450764297721
160.652239950912559
161.512208196009652
159.965489140239271
160.259942870232010
161.304347966502661
162.046525429851272
162.534057669515676
160.522542969667370
160.403493105942346
161.872389007603374
161.497644586761055
158.878350398258277
161.763753571748737
162.748759668311493
161.105443603699001
160.945327683098469
161.588819418950777
161.400551231148455
161.721274964580317
161.716521191318236
160.639060555066862
161.208340940455372
160.692850773346777
161.045290708984851
162.843293957194390
160.683487981723545
161.016317388211121
159.887797676728781
161.033302889508292
159.630113433866256
160.320347921539934
161.251174120000911
161.390674575434076
161.664676876569303
161.986459978653812
159.802764347165891
161.183824579986748
160.577058374530679
161.093753011143718
161.593916574156026
163.095475885247993
161.004616650332508
158.778535648311816
161.444779697422348
160.395007905501785
159.631654344041806
158.586865057326463
161.421460412525619
159.623600059566542
161.396087675743217
161.402336877368384
160.834738552705119
161.511063030529868
161.795690469786962
161.154062277604282
160.417187163168762
162.025562476656972
161.315991739393070
160.871726921541523
162.671284641247269
161.921728303457229
160.142170645064851
161.226470192845852
161.003044291450692
161.568824043793484
159.859066871365172
161.307095060231831
160.765937433655324
161.283424635265135
159.902973827081553
161.129896341216039
159.945680978622164
162.058447434814781
161.159994842242355
162.423523547393302
160.729225959757713
161.157613907972490
159.516916721245366
161.983577192879551
160.408877572955760
160.044748164070597
161.425491008071987
160.933612475534204
160.300698439536632
162.082908156244656
161.340928820232705
159.924816259330100
160.700113448620272
160.635003885932122
160.740119092196437
159.750244821498654
160.691395296500787
160.324253143605631
160.290015896659412
161.436094340614858
162.676231077313417
159.697421470297769
162.011466521682934
160.702365806722582
161.688302496371136
161.361612082065221
162.605879998173805
161.008053721117392
160.704039186754756
160.988857117176622
162.462384086577913
161.199692327004840
160.727007268727959
160.687084719999518
161.030758691209883
161.581391067287768
161.904647469005141
158.811425178873947
160.572939845027037
159.948358028769405
162.669101767565365
161.541286594912350
161.095525120438310
162.504027031625526
161.846974116342579
161.007092726909264
161.249167510207627
161.852550890935106
162.149877121392535
161.828688895353849
161.856673438946416
161.292548660501382
162.512307014660252
160.117986558191092
162.380014672653743
162.402766371490600
161.232470205947436
161.517065301807236
161.701827210348483
161.257223076995786
162.195616174464618
159.227582626109609
162.767307894310818
161.385674688763203
162.086162411943974
161.552667900438252
161.451915404223342
161.367568772749792
162.473999074901712
162.526134594441430
162.320565892578770
161.629607282069628
161.598471821244942
162.677192722621982
162.792668340427582
164.180803256452577
159.807332344535581
160.494353125504006
161.786728606779661
161.896778117330484
162.537053220582436
162.158763483199976
162.574391237468490
162.237958453320516
162.061970918475168
161.595016208212940
161.710423181224428
161.376062159346560
162.613985204767857
161.631468012551466
161.635461164540004
162.417554174259692
162.680220527840675
162.416290441409643
162.742169430451014
161.405517673646443
161.553601554280164
160.865556297892965
160.736315008043903
162.513421080213163
161.929560568919754
162.096875194715778
161.786342713704101
161.675434706580461
161.804833965769319
162.667647531062016
163.153408667525952
162.716388738619997
162.190415930026148
161.772324457172971
162.341575514534952
163.202971678591922
162.507064698738731
160.384598510980965
164.137387794978054
163.302258297449157
161.535551514176944
162.916521745558754
162.482142833258678
163.530314793619368
162.572247364741571
162.324392246670755
161.969389608549875
162.866489360524213
162.242515509204310
162.460835855499226
163.191444104590204
163.089878485285283
163.519059518543799
162.344556873016586
163.884965097112485
164.015088622278199
162.188532216416661
164.271867193703571
164.170317309307478
163.016184109059054
163.204849548509543
163.841627250487420
163.864357751802203
163.902321583488941
164.203143596414805
163.765269138116338
163.337944343834323
164.125827890933863
163.443774234251549
163.671539449677084
163.947740122528728
164.176128431572806
163.687557256221282
163.963805630066275
163.877264794371115
164.145554354622334
161.517869601542117
161.889714868220551
162.065120045165258
163.955560376744842
162.424710889108155
163.062521630712212
161.484439312691052
163.545289667068857
162.973947632748889
163.410362666402989
164.428288638990864
164.270802601118618
163.725269534518844
165.013278432606285
163.095852184508374
164.276948206162388
163.628449391611582
163.676093576894459
163.397645890593111
163.799148175781568
164.046390126807637
163.943943679806665
164.303951097531950
164.478633938875276
164.661331387762857
163.485832607105721
164.249479221064348
164.635833735941304
164.061399991126393
164.480698849653550
163.377334645530539
164.925985750734185
163.524924362322395
164.421984751779320
164.809205345020018
165.024600976930060
165.444759880917957
165.334607370642999
164.486723681204666
165.419879225455134
164.340706598740240
164.563372148511235
164.654993453092516
164.995338004424070
164.813194923572183
165.839272536490768
165.459486701629658
164.716497507390159
166.107648810962928
165.115807339869264
165.797148397229478
165.581144488763925
165.841936368923029
165.916812254476753
165.626538139291000
165.515558667455565
164.816698449828834
166.273857450449157
165.856495190375284
165.219820247565337
166.749017716483905
165.652008320317805
165.661221106988279
165.334540307168709
166.158880236717124
166.696821194427372
165.791525185954356
166.262922216515534
166.440459579057460
165.841384040355166
166.615060453509102
165.700215258917979
166.278412628261037
166.931997340976039
166.278970268176238
166.884898562491202
167.167422103661210
167.156134958270144
167.387514071863222
166.865084338074951
166.807656876762422
167.128685086337782
166.473779584588641
167.420380699547735
166.591603298860093
166.644098422510865
167.224234452414692
165.915421919361307
168.211401521242436
167.588581514066618
167.821610842877760
167.452586701060369
167.820525499414202
167.845107783248693
167.316673122730919
167.797903055470698
168.656247867385218
167.999110950922216
168.272243374167545
168.023164422435912
167.603242785578431
168.246960756349949
168.666767235198336
167.565669156884780
168.790314027250247
168.098701053983632
168.145376692640127
168.128410416782543
168.892696635326331
168.780794117023135
168.009619922184868
170.895587959948500
169.489713176498981
169.458891481341993
169.881676281099487
169.342658354145726
169.656841970942651
169.982393099380573
169.439195299433834
169.532341119592843
169.306386650960462
169.893413599416164
170.186973389119913
169.549074688091537
169.899895358048752
169.857284940994731
170.329010423723332
170.893089222255099
170.366123884210168
170.546048225481144
171.389020398407609
170.536162506465018
170.817307510909643
171.438514236869111
170.953553835272203
171.630833130686227
171.940991734222962
171.660493117277866
171.491807840490111
171.951519912009246
171.669069828343765
172.104406234300939
172.340268360435061
171.780229624172705
172.331952263459414
172.400397268836088
172.096287376982417
172.827882821954375
172.403411577585473
172.872869211399944
172.683713763469797
172.617213530238018
173.817496782203477
173.239598470718704
173.411855563852896
173.598529013494868
173.912389782944416
173.818788499819135
174.105475422825236
173.856725430926986
174.705025524365681
174.474026512191500
174.748026369413935
174.906844862968882
174.971432592833821
174.865824374864530
175.388539208028504
175.672376933737524
175.507152409790166
175.595654554302740
175.970175663729691
176.116288265943950
176.432247213257654
176.765279748950348
176.785729286270225
177.177893876069959
177.463772228325183
177.922314409596822
177.820416215658952
177.774991588731297
177.958203132162424
178.547874018006638
178.773276146295956
179.114508013217659
179.271185581677514
179.465832025189570
179.775903782362889
180.126178670273731
180.565277607930483
180.690881173387965
181.090247368365283
181.457380016839835
181.593037809550026
182.151628674048936
182.503658834028073
182.900445057777858
183.264687007413187
183.856218660471882
184.319908200871765
184.794478529128156
185.335052165966601
186.037615949484859
186.548996571046672
187.252775683694097
187.954102543631308
188.738701556968664
189.645111836865908
190.603088498459272
191.653660966121606
192.932099354105162
194.381503888436271
196.129192076244180
198.313504029310081
201.263939652129295
205.762765948288859
215.582845252003381
214.772020316477921
205.496158112740829
201.106986479072475
198.213996094227980
196.029108528416600
194.309623587672945
192.855355938797828
191.630149522013085
190.533982990202389
189.614170763750849
188.696848862521705
187.920349247255160
187.231959517294229
186.600426486476522
185.903059379113699
185.303788513534130
184.794655010514902
184.239861567661052
183.745432880648281
183.290971809751710
182.878970013267860
182.502763965767798
182.098060864309673
181.827770257742372
181.367673384761986
181.055838875985330
180.765040158668739
180.535060517824746
180.013384606843630
179.862082652139520
179.532344331884076
179.182933538469655
179.043916155143421
178.788822331313327
178.578005848635144
178.420475073211861
177.764292318817382
177.513011520617681
178.132312118254390
177.289906106955328
177.133281767363201
176.624174390436764
176.681765872016797
176.427741438768493
176.014871359187453
176.058174085460166
175.624616338463966
175.537677672231496
175.783956554023007
174.997866986421855
175.251568838525827
175.000975882980356
174.652247898883786
174.755766433829251
174.321160905491922
174.545127025519065
174.059743935705285
174.049013558881285
173.700171340202616
173.706006264458068
173.678829428565990
173.342428340546519
173.456071718861125
172.933895769245083
172.931270216513724
173.065514442103733
172.619303112641830
172.504397780593706
172.647496902394408
172.281139216074763
172.408100441270221
172.458489475349069
172.264555157230916
171.810896872301953
171.689550903594579
171.582324962230615
171.742322899232505
170.951292757992917
171.107937687038316
171.177784364691348
170.925096316345702
171.068700143996409
170.760001095419625
170.351669918156404
170.624618074939434
170.669927244118213
170.335651687495641
170.342660187127933
170.420152871501614
170.510752175503882
170.315878410485425
169.724730196375361
170.769974693855318
169.685492158697514
169.947372765197116
169.857648629404196
169.681507921191326
169.606070108128847
168.822823147906206
169.790993099393717
169.088534310708326
169.021490117949753
169.098939415848008
168.809387626714198
168.520806093879173
169.132757119977782
168.941675560813508
169.480370229094945
168.771894710945787
168.291986652033984
168.716370471023396
168.903537096936674
168.447257637590013
168.734921015293139
168.096817037962637
168.053449957539584
168.323430337533608
168.255703155196898
167.644767301479618
167.950266919886076
168.143607571387349
168.388210520201881
167.810378917870537
168.097914226818801
167.489310953820734
167.927295781552345
167.133971284801703
166.521670880437057
167.634516744709629
167.980339999911621
166.819681051311903
166.859495569084174
167.598555536554784
167.312676214565670
167.047712610831240
167.015955791991132
167.030007449210188
166.567163405038912
166.897969560551985
166.938885328143584
166.654024521197186
166.538373509459376
167.351433023844123
166.393615321532593
166.896037804667941
166.363293022000960
166.158761197130218
166.461624639550735
165.802970958733596
166.543534069894037
165.676235121226085
166.503631976801955
165.968658613757185
165.897856966287691
166.516869533088425
166.773239785746568
165.446749953730375
166.142176039770391
165.464815076374549
165.916038933446998
166.047292267094264
165.514579262769587
165.205033318071088
166.378978822707893
165.608470681899433
165.583987857473460
165.578897133440194
164.536716802990838
165.392610342295285
165.406295768104144
164.846862918413763
165.494247110268844
165.431187665186656
164.979155707746514
164.888689444487113
164.739839188582209
165.068901398823272
164.999408255070222
164.282352686182776
164.425086353237162
164.552962482970628
165.429192630499102
164.195842398292939
164.096594894357224
165.085112566222023
164.349731013628627
166.068429958226744
163.783358552915558
164.743420409224512
164.439479360261657
163.672305019758880
165.039294173665240
164.464324198614094
164.577859177889025
164.414320156972622
164.774897723881054
164.914794546755331
164.199725132421349
163.941075709225288
164.354536860600717
164.729986265148938
165.225522968294626
164.185660424433365
164.535250538421849
164.506848598071969
164.568256942646343
164.493911765009244
163.026145543954613
163.655664525229497
163.938089435153785
163.779582436862398
164.065257537218343
163.070556030379350
164.154564519267325
162.966873698467538
160.619246660657609
163.648898164275920
163.540432395283744
162.946830689112517
163.533552141825112
164.150515157114995
163.152554536426805
163.849417172630979
164.023921398491836
165.095142046316141
163.678918817001090
162.823093079382261
164.528742337866618
162.298148913224850
163.356787407478095
164.105816623896544
162.640273234710406
162.741546213002238
162.133282322315580
163.418405169116738
163.289158527031503
162.229451757631239
164.273844825270572
162.449340591914165
163.216460100004042
163.171136713179180
163.259781627485012
162.328941910196789
163.073408153612093
162.257520120632080
161.294619467080366
162.403879481063342
161.946832030986741
162.527796660692843
163.161407565696805
162.444514756363560
163.884799132329022
163.839497324456318
164.000023201304856
161.344383143039892
161.913804992629906
163.317690012200899
163.536443475912904
161.904173012306927
162.957518854772445
161.552593097679249
161.543444869219798
162.219602677899275
161.880819367081045
162.381003995255071
163.030420164022814
161.750355534837468
161.184625054714530
162.753312545174765
161.541174724156519
161.398751677723510
162.521976302826118
161.671114221109235
160.870337011262023
162.654886396665319
162.059240248326034
161.777295088467838
162.833289061330049
161.455119535342675
161.613739921485404
161.631911036977300
161.441968945373134
163.035447966978268
162.443343584060301
162.504032511080851
162.214364037435701
161.675381676175448
159.686706547330147
160.383598332643658
162.541551472115174
161.459760546452770
161.983127656291003
164.490728108973798
162.861364001757693
163.229975932160983
161.962752503072124
160.959503419815348
163.783107518011690
162.927154362679431
162.363320823331804
161.583846378442615
160.593825924613725
162.238259435224023
161.075874957698034
162.881248960692687
160.948251567613710
161.552462549499126
162.778202957200079
162.586208349024446
161.639193499636747
160.815105287071702
162.652219837029577
162.704735553558095
161.186607404827157
160.962032379627999
160.952337329777009
160.589631657430743
161.640182697284217
161.881164698564817
162.710744529499465
161.964231856769942
161.740694996599956
160.552781307177838
161.628511148134891
161.106437804530145
160.395045763617134
160.906166072449793
160.759226309653286
162.665045574501789
161.547852317253302
161.641062693391007
159.949037510673861
160.590221296042131
160.149826223066640
162.054681447473968
160.408008656993729
