159.658055629862986
160.353631356311155
159.504095237990981
160.351412322536305
160.625761031012814
161.833615064233925
161.535994623381555
160.098848205871661
161.562269585802625
161.190018729889914
161.728511032667200
159.775558357546174
161.314814827285545
159.002564626987464
159.208862254702098
160.197133441611754
159.898200703137292
161.718834022612384
160.845298218426620
159.260453858043775
159.739348520025800
159.809877428687173
159.436220388388705
161.621231421384579
161.394166553775591
160.648404521506336
158.550927915549266
159.453474638951491
159.386667004483911
159.547081196776020
161.232504686287655
159.429912794085794
158.132801048901797
161.393145040231673
161.708947988828413
160.396015668043191
159.457274301034147
160.289929848615543
160.085399995431203
160.483502354370302
159.350936982481187
159.112960112149892
160.936550319128685
160.079773703687209
160.698561795553644
161.332133398296776
160.605662362797375
158.903868464477341
162.061072984023269
160.399767401736881
160.120760974211152
160.391820921466348
159.510161886452494
157.961027698846522
158.263928835850010
160.359997683505782
159.573691548898012
160.019975135654818
159.862601950877206
158.972077159022234
161.829444766051779
158.739614865587981
158.933151175419482
159.766874730937616
159.362598040217932
161.011777830719183
161.976206003291765
160.662356710947847
159.889505942604131
160.633509425350383
161.322781133798969
159.189895763833363
159.225509224522227
159.016012906971156
160.095110376354341
159.859259765823083
160.473229038523357
159.101569346624899
158.892306756454389
158.673194981996971
157.679012003046466
159.292257139339341
161.403876636144759
160.721666826191239
160.861333800442935
159.560946510551020
159.637444722591482
159.296393945016519
159.423725771168705
161.520332176593570
160.986887446859612
159.561080274269983
161.568725133545598
160.785659971311048
161.462345177753662
160.064768072273552
160.583310628378172
160.388992592331618
158.529782399231067
159.147044806240928
160.708647224036838
159.613962892228415
160.448184782492547
162.663108139115479
162.103820616046448
159.857586331509395
160.828671005444079
161.641649320991007
161.270072513661802
160.928452967479359
160.898223416037496
159.828770938214888
160.457872543751876
162.720163768978978
160.478669037927602
162.528883802222936
159.955867136191387
160.190436861856114
159.367848891687430
161.321603743908724
160.481658346179529
159.137577669232599
159.149112883224632
162.223224449085450
161.445817124283053
163.082578598988420
160.412754059740735
161.140973863440109
160.780409348786520
157.770565939800690
159.787234946704928
159.267996472061697
160.497340371479112
160.477881209047325
160.269468531488940
160.438337902207309
161.825702161011293
159.369837625710005
161.660215456807890
162.020390723936828
161.080264158617041
160.833594087218643
159.137335715030247
158.986057209285889
160.760385311698997
161.448290324150349
161.504943737621488
160.093255273693046
161.214823208252369
161.188592366403839
160.228357749319201
161.228881921663543
158.575311894312591
159.520476021361560
161.611520232617863
160.641587454867505
162.301607482725046
159.747854052634551
158.861827784456182
160.377003036529430
159.791535307801837
160.065069842680401
160.370631920940752
161.602679875830091
161.749997711436919
160.633439627867290
158.438275679363841
158.944543792828910
160.699086417332069
160.251585230843290
160.887998180621196
159.520705910085610
161.258855168488225
159.073447373257807
160.185938463982779
163.280362030848835
162.444887357358397
161.487618937234998
160.342466497090186
160.749459088864654
162.189956565259706
160.396515979899135
161.269599625094571
161.468955759492076
161.371479130924968
162.112394922912017
161.754532182407956
160.417688491685652
161.722516797883941
162.239293869617484
161.412532969312451
162.032074915608320
163.176899313326118
160.535198761891593
162.390219624062667
157.107442536535729
161.723200021590628
159.264245006073423
163.085263731258749
160.356232794525198
160.412769174250087
160.574203584678770
161.133677978457001
160.205493887423671
161.785383742874444
160.655260814032999
162.659380101051028
162.459155266850246
161.422384530172991
161.820341094480057
161.471804154126602
162.495206677981912
160.629730335490279
161.255682107967345
158.468444215809257
161.731798720168769
161.957410865765638
161.209827095993660
162.481614483128027
163.136639561551789
161.755660688870307
161.886210982665972
160.769021176784406
161.196962644391988
159.590819636263404
162.146556393411402
162.959379780402998
160.376923624590177
162.871970656479675
160.201100444128571
162.063360162493524
162.495259701251541
162.204100389613330
162.507220181034143
163.567055530649242
163.214217942696962
161.830111938140845
163.182833637163355
162.450083414435198
162.140976000605690
162.799165189727319
163.098269539523557
163.102175247605459
162.205640201370926
162.933708056865527
162.333610764839648
162.390856264397939
164.527652247213865
161.940179172932091
161.627573266159146
162.765239653750172
162.241510225755661
162.778587035388654
162.430337584058748
162.946338606342920
164.007116020935086
162.467559706977625
162.410171735337428
162.490045829893148
163.399684400079536
162.489205792319297
163.935796959214343
164.072510467199663
162.504417917745059
162.022078473053597
163.350289318390708
163.900164495181997
163.779623976589392
163.637825732322881
163.745099766198877
162.940574286624383
163.064674817334094
163.378143290301125
163.626649905659633
163.154851564795536
163.039018150397624
162.829148270887060
163.654219708423938
162.876282538747944
164.211123596865491
163.988177781289465
163.575768069932110
164.275258150753672
163.976664731268073
163.509000737752530
163.024335707960176
163.027867093430785
163.775927966507624
163.693971547739579
163.899085618108245
164.529552515156922
164.377470634461957
163.899605493329602
163.781269132157689
164.280357549345723
164.805466499678403
163.631309558040215
164.278661408106643
163.310647755952743
164.640873283163671
163.968601285095474
164.622666126800226
165.042472754684127
164.966425258633024
164.151560414546282
165.401707685778348
165.752518251145602
165.152183300460678
165.790247069578783
165.344219743505192
165.000657194399054
164.714250155836794
165.000470766738715
165.722649663797085
164.528530009563440
164.924743315116643
164.910166360527882
164.903046327128834
165.034305982724334
165.452616898248607
164.569132813697621
165.920946521158868
164.845540610236299
165.652585425901464
165.864902728438324
164.591588924334872
165.997834947368631
165.492821047974644
166.550264514922901
166.429040225238197
166.087073424363325
166.057562752259258
166.015153779396343
166.474472930598324
166.195270753481111
165.999881919992390
166.467378146081501
166.782776839658624
166.729308898515711
166.009540955351298
166.723671088257987
167.162201322085792
167.081049315243064
166.505648453454910
166.731596575113372
167.292865565163396
167.107649216016000
167.657193676339631
167.213965197510419
167.599347564040272
167.387208542944393
167.231632346111439
168.320163723614087
168.351207166398495
167.864007711925495
168.372573888848422
168.717916740876888
169.523188130315873
171.183675196705849
156.433128837987624
166.235125334184943
167.516616675648294
167.170655743236154
167.675065412276155
167.302541677111407
167.152476102552328
167.710074072875273
168.243477867789295
167.871025540830772
167.488691162664850
168.546730710803502
167.447326951039031
169.224582659971247
169.042867804212563
168.086261891188286
168.844629520802300
169.025882997204036
169.544125267146910
168.831594145021370
169.307867121382515
169.802874710406115
169.981097623059696
169.260859827334087
169.673637403538578
170.104591742278046
169.449658240605999
170.077353373619417
169.943720054448164
170.635362140712942
170.850863771907910
170.321448052876889
170.562084894476442
170.361350597578451
170.793709233700326
170.756257064670336
171.051435749336406
170.872875864919024
171.535234194448407
171.073618152889395
171.843180970466307
170.963847116849450
171.905243745966459
172.240590108358958
172.224207182476675
171.942962814202815
172.192492265733051
172.466232463414457
172.268162782859633
172.921983425013792
172.557998695075923
172.898021783307883
173.217294520822122
173.364331562312060
173.426528527227731
173.530412144850118
173.654924484921793
173.943028137136309
173.871967991099268
174.267492890239765
174.555943194741531
174.471525553187945
174.597749949387691
174.652232050023372
175.021887524868305
175.171774204072392
175.628863365906057
175.974823121536190
175.937412827010434
176.169434710389481
176.223383056991167
176.860298908894322
177.015816598673268
177.224790216830826
177.276233150003975
177.540089360517470
177.754305830265338
178.282443060918155
178.248470645752832
178.637180209147772
178.905522285496517
179.240264553950084
179.614039603469450
179.778917410652895
180.152005169864424
180.815407411655826
180.984654595215630
181.429451318413840
181.566807133251359
182.245171464329644
182.560811262428331
183.028838274338739
183.489938882065701
184.060131331151837
184.550828694906158
185.118301334370813
185.766424594268358
186.462227996377919
187.217774476455247
187.971346443592608
188.871819628678310
189.812626129215943
190.919876424374849
192.216108683327064
193.692714217605698
195.500751385426071
197.756766464525981
200.852893091421606
205.613523399846912
217.177554566226945
212.156905587909364
203.986405315348406
199.832962984262792
197.060784657808171
194.966897694870227
193.307809334957028
191.923521963084596
190.623568020582326
189.544362262222677
188.650580789009410
187.742397321552545
186.939037754508888
186.234564365085589
185.550235081514700
184.928964834354929
184.420488025896873
183.966887823728484
183.440829390579211
182.908632566134031
182.406246262703405
182.047804384379276
181.612521858594420
181.241528696572345
180.817485494092296
180.467630362140937
180.230378482487538
179.654786192049812
179.567046870066179
179.357351098502392
178.845193132265194
178.576224105220234
178.072437728456748
178.159720012491732
177.805183098584735
177.468973985613985
177.103711325636368
176.888941964894912
176.853790370801534
176.830704782009661
176.465289278269267
176.154263782541307
175.885760247836515
175.865285351503587
175.442376272364129
175.133115074454338
174.985427869470186
174.724562972174567
174.567104715035811
174.591928238720357
174.493168257398281
174.463290653437070
174.105244878788170
173.989122404382641
173.637273521097200
173.540089161055164
173.703497980797835
173.760595923448136
173.166986668630187
173.090023042729769
173.128117872929153
172.979880153115118
172.665310717764697
172.529249275320609
172.141438297255178
171.998419495393165
172.147778930737275
171.952978891353183
171.790270115659553
171.673518483541898
171.634263680297863
171.268584132233599
171.574537042336544
171.468347706021518
170.551558342781703
170.745505029263086
170.843674793903688
170.457215002468104
171.261770607793693
169.669445947219913
170.611965546746234
170.716328440142775
170.431371587790608
169.971649599354919
169.760200179074445
170.690556227294735
170.141628519713379
169.583836905449118
169.195100176255266
168.790448089662306
169.703386111571348
169.397075684113503
168.594530306647840
169.325481039762792
169.507396631108492
168.937820133474872
169.157158203533584
168.794148461878564
168.389381585991941
168.285187041482004
168.585875534753853
167.876089478958335
168.975883734081833
168.242627952670347
168.942160792211325
167.871318982422792
168.526732101457782
168.531121537224465
168.080800215297131
167.044824073590206
167.497199051174761
167.838841446064464
168.157286765940881
167.739671010670577
168.387045341309857
167.138407027804277
167.936814754828788
167.421565741370614
166.682017060561691
167.377454772619814
166.814381611536248
167.132772106641568
167.980000897140485
166.681916590512401
166.650638667851780
166.198223096042057
166.257936415796507
165.592554592295528
166.384381256801646
165.906418691200315
166.224802473620514
165.457526313171570
166.057028876648047
167.209745506591361
165.980663859834237
166.082861394596790
166.238905102379533
165.715138708034772
166.138477218573200
165.653879642313655
166.319207033684933
165.107403714837176
165.609500105428765
165.823391502648349
166.341412232304293
164.324454320566929
164.887704517045393
165.313670506788355
166.095817931058946
165.624259254292411
165.113850870415007
165.574066364856662
164.557658215891564
164.857060958352719
165.042865039808476
164.770005969996419
164.504092374640464
164.702588662324217
165.141334751597242
165.236893876246370
164.362731116224040
164.784467498680897
164.989145151352204
164.441424885049770
164.620690410462913
164.066794144146172
165.381661806552216
164.229923571989929
165.473826621476462
164.290953996076354
165.471645544330698
163.952409216531549
164.616982862883333
164.169182445742166
163.475995753102893
164.064243407822403
163.232702964110132
163.386482362951085
164.569432953789800
164.714837282127974
163.328693518129057
164.847582925469851
164.091638636889030
164.727209397482397
164.229603859229769
163.921478211492911
163.276016525875633
163.532644226098341
164.110510348939897
162.939943885913976
163.627938451921551
163.571421015549049
163.632293101762514
163.034595634016455
163.621817485326943
163.581252625765615
164.086090937104530
164.272341458375195
162.696673677886679
162.910066551586425
163.191859908796431
162.924862642056638
163.036039602038102
164.486791864707641
163.388342623626642
162.711019153808309
161.869641718226774
162.553072550084750
163.472312156678981
162.316132936286550
161.829025284137060
162.024675083897080
162.716818558256762
163.736197589298058
162.387906688389563
163.024446183653851
162.278512315514263
163.871154804262687
160.839237891643847
163.241319334290324
162.453784258615144
162.229998395305472
161.864170595430608
161.911686289097617
163.846154888352487
162.858753871648901
163.005761190593603
162.085102123557874
161.990391770515373
161.578094063135751
162.336760125730592
161.616924558417196
162.739104572950282
159.433328306960789
162.438052456161756
161.328627903352583
163.348276486005119
162.449266159554639
164.332815880281885
161.024181756587012
162.022100588691899
162.390373939643553
163.257222642121519
162.117279046029864
162.438504939936479
162.230371643724084
162.136856370062731
161.817321981483218
162.345856742625500
161.760687890515101
161.968635834953403
161.133329175680473
161.223629509067194
163.884774662030878
162.841783977462171
160.716751993166213
162.818276433191670
162.118620572708465
163.239923688662941
161.827757715524456
161.701752072557355
162.391012001351640
161.241287935338590
161.686753178123126
162.580481135441488
159.953229189695776
161.192920869136060
160.895201990492296
163.093202641919930
161.421400977058511
162.553996984174091
163.439352959603525
160.415585285232368
161.243320040396867
156.925969447309257
161.402446959890000
161.505213181927019
162.471292360748720
162.213361479236056
160.968613013191032
162.116098581238077
160.314379384466292
161.582806242179117
160.226478532326865
162.275360016736443
161.653365987912252
161.832219590029240
161.795973231027233
161.216086921141653
160.505689730185566
160.345173380287292
160.028464904853848
160.408921886421894
161.066324083221531
164.126004701290896
160.712703284892143
161.176480900870274
159.509188882317090
160.751071402249067
161.890918209750964
161.457567791731151
161.468865613197181
160.286674392407321
160.999772979804220
160.747431081512445
161.263737756621595
160.790126055891278
160.672961195937546
161.739746441044019
162.602087444796808
161.419244157019051
159.633497101063966
160.759982932121147
161.519478309438711
160.358111090890276
161.844555322502828
160.695744960913373
160.118233911815594
160.806579484007273
160.207306809649424
158.472345265036864
161.817498528014170
161.504919696750733
160.694967635942646
160.081841094415381
161.002102369682007
160.972132059744354
159.808063891602472
160.392373236862511
161.456953683465713
159.255138574557463
159.979152893941631
