147.741095673123823
149.912138034321032
149.406956182772575
143.665558185713053
145.694477049693546
152.159508009780950
143.793805119445892
145.823855112095202
144.887601704803700
139.006744938234391
145.912349114164101
146.720348813555091
147.598450203679562
149.353454377893428
150.959317457339665
150.354842312751231
135.796211231547233
153.880716337837924
144.815294802611760
148.722311906042080
140.749874287902287
153.373647838522260
146.949634686049308
146.583605590106174
151.526510936307545
150.840169200396701
148.848951770012832
147.469858213083143
145.923365771728243
146.888893456536607
147.033642309370549
148.732681544076513
147.642855020921502
143.526986962151341
150.586658747696504
141.900854355503554
147.539655796220700
150.032266021293140
142.700777151856727
149.981354332977844
146.962144478753373
150.179544734836810
139.487376204725649
148.096549533382500
150.173341551076277
147.034060131386099
141.807099197354063
150.149840397868132
148.456747980276560
152.561866458739274
149.415777272742815
150.971284305367817
144.990821216825253
145.157266694500805
150.696030990476828
150.454036653623433
147.078513746603079
141.785670147706895
141.411136332895779
150.047983240324982
142.117837179156083
152.595911372984546
148.003029398382409
148.251817364005746
148.624498445309911
142.315612655771673
148.677159251528025
145.439205301156363
144.154212632128889
149.721912422263131
147.374511249795489
150.101939252483476
145.668391072732135
136.850711822311212
139.935797012737765
146.555581251171105
148.534064284183501
140.726958188543790
140.634616124139797
149.779837375473932
149.840074217347507
150.283924637940970
144.063418598468616
145.803630470286151
134.898725735439257
149.307891785072599
142.405685235991342
150.466201892551169
151.155681730594608
148.075103495800818
141.614141685468411
147.030439113046612
147.509009789438437
151.174850779486377
152.114023534568503
136.881035850155172
143.802162541497353
149.467287566119126
145.558468557477795
152.058003101007472
139.366293183067370
141.902287042252965
148.538746015887199
150.613281746064217
150.892940898900775
145.742491158849077
145.985161072449841
151.600289706316403
151.243282453636567
150.580312112174056
135.247271049296273
151.344821951847791
149.298910515707831
148.338473372277804
149.222000804490733
147.478643964241655
147.767102934994966
136.224413701846402
151.600225142497862
146.377875747653519
151.190951043551649
149.088955948090671
139.519378356038942
145.664737156297122
143.314438698061451
150.779872741674950
147.440462616794235
149.935307125503783
138.983016224374012
144.215389228982588
149.489934917603165
144.034720533937673
148.113834063102047
140.491675112327641
141.722303427787409
150.715434359863622
150.516804211273978
152.496214718153823
150.745405630306408
149.669764769244580
152.596797093827348
144.963031822788452
145.116761468176833
140.759347734221450
155.107956014831643
148.864946262368818
149.426425522588829
151.097778602516655
147.362541950161813
150.311873440714209
145.157757404060561
128.023138220356685
148.074165043279947
147.999112895014122
147.035965131595191
148.102765088885434
147.872927947556434
142.300665895759636
144.097831134631235
149.363356543138849
149.440685037622217
149.779661320886987
151.697200532672298
152.320064710510820
151.143076325973453
152.247407058454257
149.371953933297959
148.959903390885472
152.353374080806276
152.158688200757382
150.022473850960239
145.039797877082123
147.291882239382943
147.262763548718027
153.294149687945634
141.466493150212898
150.804218070750977
145.609736394856128
146.022400214308618
150.511009113835712
147.562230491898987
149.505656723696575
153.099797410623552
145.790487583470536
151.962448275911299
153.994293687526607
149.065689830448349
146.970433734243443
151.455309897681332
147.549845362698164
152.357333214563482
143.498637884505342
151.097380751193754
152.497223049390300
149.005920476999933
142.770124543260522
144.885417468699075
148.990238403869284
148.924586633815125
144.458328653422512
150.741518066031261
150.064751867982636
151.872100055988710
147.648477220845791
154.371761037271881
152.008150699880900
150.485585301506319
144.854735953322262
148.063581047359662
152.183563827730154
140.784863096044262
149.027576851485662
149.626285050016861
148.651312018132302
150.796633441557248
151.356800301956554
152.541372031154140
152.571059055166586
153.347113989719276
154.686981810140708
143.745707737442331
147.274871416048597
153.265827542526409
151.019679884058377
150.797365061032622
150.332987271884605
151.394897094977580
145.173751517125652
150.959208890102104
149.926945515908358
149.781891946040787
152.073339587310898
148.134359533799341
145.642418621245866
147.799967176852618
149.531735733878463
147.531505396279556
148.635934599056611
148.130586210316267
150.591614813905352
146.943503879770162
153.888236515347643
150.053556597719080
150.815208802184998
150.432943701403872
151.175215872903237
147.558839551404361
151.069828235983152
143.747478543259916
152.143042634839077
150.039332021825544
150.290723925545592
149.385276757116685
153.815231093117887
151.305383842754509
149.422343485255482
153.129878683347187
153.375468623182655
149.547172520832021
154.254347060351705
152.279819052862592
151.293749700548801
152.346395055846841
155.219230134512685
152.248639306050165
151.219597070315274
152.070410048556937
152.445405192114606
151.388456292182070
155.401974613890076
150.495580365398354
155.904872729686758
154.861109555590645
153.020488283783038
155.268969941678876
153.949434894445346
152.298950824625877
148.304539369760505
152.679595114061215
151.538348835130250
151.998119696971088
155.462971840779801
150.143125437520496
153.751908724824631
153.586192567780529
154.978465627723892
153.119971534910377
153.771908112978821
152.470710508048370
155.197226368213080
151.334853510759615
150.566575373573329
151.958399786480584
154.637600105975253
157.695421166734604
155.763218210751489
154.126772319848357
150.422023682606664
155.719919147945319
155.647877842870656
152.971934194101522
156.381597722536725
155.679605118383449
154.466212672978202
154.593204940808164
157.116441492326345
156.728246226557332
156.817532270280282
151.306299940987458
155.209169415134852
156.732601163528955
154.006439648280377
153.873774116493905
155.096961730287688
154.665344521488379
154.199108026414507
155.533210708181315
155.231651599554709
157.350605581322668
154.666184402938882
157.130380791047884
154.804964075492052
154.576361554938558
159.350202469875597
157.410943187254333
159.443818512710209
154.952625700392417
158.647365509987992
155.811578466746568
158.956765487353323
156.572521798507807
157.152199119484180
158.557289714875111
157.302233701553490
156.925714056092772
157.387797475557136
158.881013375906406
159.211543067608233
159.607938074509633
158.396209414950562
159.154978499565203
158.197937280930660
158.595565310350906
158.131524294149045
156.970129386394859
159.003651689967256
158.197869174493235
159.074980455945138
159.739073222305734
159.359583216431275
159.448995475249120
160.383190932864608
160.117322049643150
159.816619899366430
159.760561208701716
160.764928812771814
162.121701337907041
162.300389101548575
163.392655303954371
162.416528713289040
160.195882985622461
161.987216140740145
162.258908930439190
160.914520618361081
161.523692254567607
162.343104002855512
162.829754474699342
162.992684028764671
162.065133102290474
162.558610375987655
163.457172350691337
163.782576574306489
164.098991631970534
163.964748569575875
164.236013695198977
164.951105634023492
164.675008293207696
166.070267428892350
165.993162993668477
166.568234688489270
165.483047003463099
167.444895868804281
167.361267712532509
168.423716517535979
168.127065773959771
168.535875855650772
168.468217960041784
169.250291877286230
169.812099461690281
170.427008890687006
170.059733365968128
171.475376714734864
172.073319957732309
172.633938820921855
173.738080080710745
174.485777153130982
175.275492337933827
176.437608263873585
177.368358295325692
178.758407943598399
212.954887876089771
182.431268082924618
185.023864357109034
188.769281023478868
195.346347956421369
212.889613724821317
193.284427477743776
187.788574950247494
184.476099447921769
181.921273725601395
180.175862648083182
178.579468027290346
177.279164268774167
176.490576284847378
175.084495895751729
174.473139247001825
173.314739938495876
172.584688301158593
172.045138269754005
171.699667497932893
170.780790000933564
170.126765243959767
169.479273748861232
169.237738088736165
168.720566190598845
168.231822370232521
168.154533908021193
168.208017864381759
167.155690903535657
166.480259772016154
166.542643263614764
165.504405201530631
164.909453373789802
164.850454546061258
165.161122216873622
165.113411368327235
164.607772574531992
164.535014229306967
164.386819261833750
163.577251822124509
163.977807364243830
163.786867037844132
162.949472742332318
163.000985840732938
162.891226607093415
164.190279052684673
163.255827747144934
159.757253747150770
161.731006670026858
163.623888382323400
161.123730242114931
161.203694938365004
159.736446315103677
161.069793047896184
160.736883176964966
160.491073536440439
159.059127849077640
159.373157554214316
159.844018599561707
159.487003828636801
155.268443578048959
157.179410089541818
159.057027379510487
160.171808875017263
158.851293544718828
159.486692584432120
158.957892171556495
156.874036588846252
159.466123983198599
160.098834350638185
157.376596081715491
157.757083410208594
156.603256305397394
156.205962596615137
154.061694011848232
157.431566839123775
157.367358896799828
155.215033167911002
156.230600147153012
156.665190995214431
154.183335142246790
157.275809839221722
157.687067560990243
157.461116282652284
154.922683936442269
156.441519423907096
158.527487522857626
156.850058044760146
156.553671007545660
155.398225817890818
155.884572135387089
153.614088044593672
156.250348930073557
155.179085318095190
157.150084655564598
158.097936116735468
156.719302852449829
155.187488491585640
156.603756212162693
157.428745170777603
152.826034100016926
155.505572064275214
154.501136696524412
156.836704977812531
153.468100346461426
151.719548618561134
152.338750417145405
152.328568390543381
154.516410851176772
159.251058873942014
153.293780241428237
158.211889347076436
154.966874171581821
155.760015944121392
150.488236849667032
154.308870515157281
156.133974018537231
155.836280343414131
149.916840400410024
155.173678258310360
153.096925238095452
155.722113921932305
154.248768840059284
152.134923254941953
155.509715004902176
153.125835491896424
153.962207588643452
152.448991793937324
153.558227104630532
150.318888532347756
149.509803245127785
153.647099688829712
152.425606962873644
153.091969908321033
154.739371016708958
141.135921302289830
153.202023235855307
151.957784993287618
153.581804688550619
150.844358784294997
147.229083656351577
153.391520245848170
153.823539451314105
153.192836482567486
155.662652654548879
151.202757046412643
150.469336953888558
149.362905175964471
154.941211681492177
151.469688920964529
151.011631490273231
148.254530786346351
150.445314223122239
146.698536400873820
151.088144666686446
150.630648511857203
150.012888854865537
143.731777993008365
149.190288827180865
151.138021665067669
150.460620603245587
149.916889250478192
149.324766845395487
151.852285328972840
149.794785411367883
146.773133172388668
142.512764868245057
148.043527829635792
156.092195838636684
149.983964648259871
155.387103102348050
145.189754361029117
148.452097458598928
153.952507195369719
150.361421647541761
138.452096248934396
151.802128038938463
145.300864153212189
152.614601830157426
149.959954752036452
152.932586693680179
151.639357243390151
153.243168378259668
150.624339647700396
153.090633362507020
149.782005405598454
151.880108662911596
150.034924775606328
153.981549127617853
147.254623705252982
149.665285253103320
147.263147588755487
149.898930396583097
153.403295962099037
147.715461296576564
152.717735276662580
150.227062678010299
148.644524567902351
150.785667034709860
156.013983392880164
149.026793185116190
151.588840326580396
153.204978246567691
149.712490160193880
151.056223992698222
143.958196587993058
151.400933825783426
142.000268741907433
146.356198841191940
149.575886797665277
152.604704057343639
153.739722108497034
154.459687506145855
142.019843494191662
153.194606962205910
146.273171406864549
150.503738627135306
144.915264662623088
144.111101052874432
149.882689136568672
144.998356099533197
151.108879501043049
150.462927952720264
145.940621588155921
149.980847824287139
148.783528174149268
149.860670149034519
149.793035599864538
152.703621105289756
143.804442860379936
153.495797644172455
154.666105635487440
149.085735481763834
144.635260409368982
152.085876319532133
153.546956252691189
147.053326940717511
148.365080996701039
145.240819994833828
146.742337358087923
154.133683947236790
150.392017396692609
145.065693178978051
142.684312390717878
143.487400368310944
150.336703281006805
152.476878649987697
140.535580141473616
149.041189495604868
149.674190415328752
142.015031847805574
146.458161003524395
145.849667100272086
152.229448396274620
145.644174829189041
147.581599763729827
150.376295519006248
142.556091603651993
140.570279561717967
151.289156838385622
145.878861553104571
150.669473791324037
147.917901383873073
152.638063871702798
144.605970890620455
144.538982871722055
148.943612917400287
151.019362649812564
152.536086909813832
145.460471090509628
152.261803180785080
148.566186958505426
145.401559764501030
144.951617308459134
149.979776624202287
147.925780051426301
151.942534402450860
149.955898732055147
151.249772799791089
150.907561301424323
146.520306644806396
148.896861603920485
148.310718309994428
138.873278009571493
147.951584761205766
151.138320132218553
151.272151045660365
151.157836810926199
150.163863034254973
150.000350689806083
151.639328353043481
149.286404033750301
150.779804973501570
148.098042184062678
148.069346905289080
152.706544331130175
151.751887439263498
152.134635777677943
144.122529764580577
142.144579151728749
149.003887349078695
147.354310618321620
153.986329941718367
145.043572160918302
149.970251001485792
148.776059706528031
144.805079719306093
143.746946621187959
149.825294016361624
147.619272569117385
147.093037833798178
146.977046135455851
147.650054772412773
148.214365760273552
146.624514987376585
144.055188532206870
149.971152659858433
123.597592785467199
143.526745872469832
144.628496951485062
142.117026468811957
148.764725242659722
146.966079109769737
149.978520340206018
146.969064167449801
149.789135483050131
147.880077707441586
143.849289403657991
144.398033698368863
146.475454017556643
152.720985053116635
152.663687306348351
150.211275474728325
144.630246207978388
144.643718825526548
150.948615200467430
149.367024876138117
147.358911697718327
144.647382739074942
143.656947614371632
148.506063586931447
152.986661085480904
148.247631310921605
141.435532149503359
138.873769574359329
148.204212429393010
138.372330062078504
143.431458237415825
149.991582427421719
147.909770768891804
148.011153840010195
148.275242819897272
149.499429618145456
149.205180166997422
150.582233184417873
149.351393114933614
144.444686195978335
147.014473277284026
136.468778731359805
150.595373912034745
153.750388856744394
144.890458999555847
147.876872140556145
138.342796445893867
146.008786462387150
147.967236462344601
146.485035871184436
144.947623582422295
145.970548329974633
141.168352520411787
149.267139717658353
141.635366530882322
142.412074046779452
148.063077379626776
150.529980515108946
146.876544875902567
147.649650842285297
147.203364824310199
151.179294812473955
152.295472655613821
145.303043383138345
147.572280223947672
144.491017271102692
142.364086839201548
143.014072890375189
143.224908073351969
143.205326300740467
143.243341374140101
150.397818131319241
147.349040433905571
151.073278869873121
141.536810916907257
138.800310926090930
151.868580061220200
146.345788277547769
149.534804504804384
139.165894314333656
148.197521577294111
141.775186267057109
150.236180329478600
