149.251209736556746
147.394328319403712
144.855230271943725
149.216019146264699
143.842638756629782
146.853867828698014
136.759781491631315
145.643024155946222
149.102597710031461
152.956985183847991
141.907203263124359
146.380010877779739
146.723347574788193
151.763621231478368
149.436471936276149
150.599886405800532
154.510127201555093
144.559998101041344
147.085807582786458
148.407280180240207
150.934856729208178
147.364161036511433
145.462065965469435
149.709056932978541
146.455678494120207
148.705923830961240
150.771979763415771
150.029394251451976
144.783001073851324
153.642531187370196
152.472583890765634
150.187009744059594
150.584356049654787
148.268660310394807
147.663089920277656
143.361658383541823
148.042060836128570
146.974307761048152
150.397784634579494
150.080894771468735
151.779148458822760
149.295233000252864
150.395853115180245
141.590291364345489
147.002820931652963
141.334042267730098
150.848669666960518
144.260131930032571
154.159405897416548
150.309065776388508
146.438444993039269
147.383178332942293
148.099224562092047
150.647537596420705
148.553826681590692
152.144063484455558
148.581699613011210
131.452732830415982
146.537828943633571
152.569048429801313
147.979475123557933
153.500441901477075
145.410879190233004
152.098931764294633
141.823823102729051
150.613543552655500
152.386323663627252
147.091135017231380
145.907746426146872
149.835748242901388
142.050392432468044
145.477300856946158
146.013139463536646
149.815558117357256
151.125995749754509
126.016869824851653
150.401334103977973
144.367593118830257
147.252980403517142
150.418401090603425
150.502546092056775
139.923934488347726
154.441805351953803
146.401570624107251
132.196470597045334
150.989669836340681
148.017671154851342
152.329320006825299
151.408897822188521
150.728383021618953
149.757534050680988
148.771129333155841
133.648545472670207
143.067477114593828
151.524906154398906
147.677314036956801
143.287225428292857
146.506954487869109
131.194454438926584
152.944209355924329
147.109726253265819
148.240014509295065
142.667912308040769
150.604587611982936
148.156071567575111
149.581281558690591
152.542498553708697
146.107133101344914
146.076488543062936
142.697293683992569
150.725634857156365
143.840639782711833
151.737092232987550
144.185665414257130
146.452801618047147
148.575750421755743
148.832651290783303
146.619817297202616
146.192274023561879
137.348678242244688
147.941654300667466
146.727889177455239
151.355342506282142
153.691483993607363
140.297142166813927
151.613824471637400
151.314001289911147
154.386152747262315
149.242262279227191
152.818465523723575
145.958445254609984
145.450496822491203
146.965637408462044
150.009863475485105
145.014255586499814
151.709283647506709
146.950788340863681
151.713108172101670
154.665192314283246
148.243714098590146
143.328216982673894
145.516751393192266
142.752738069164963
143.745893213897602
152.286473376920583
147.008879353420497
145.953833086719783
134.307856600714558
143.682530095472629
148.896374427381886
145.582918952148901
146.135180698668307
150.346152302765319
145.379341305493284
146.891393392697466
153.915397143780723
150.288558917491599
145.981994500299834
150.794161079112229
151.084747957961838
148.881872933133138
150.174965156849623
147.219155999665873
150.050958935490513
146.772344799860235
149.383186776442926
148.820431194953272
145.876123968365818
151.102768904903172
148.896704708214742
151.969450653035807
143.716048936686661
146.574863415620882
145.611747606687658
146.757979386039040
150.108288024834081
150.672449360879625
152.603040378305820
151.347239489807606
151.301220467614826
150.494583225730935
150.378371071584269
148.657498263091952
146.785195009368238
147.926238540807418
148.989191116901395
147.105505737429468
152.606368677768813
150.816408283492819
151.327586276892333
142.384872986732319
147.744005571294366
147.992660390181271
150.594314492879732
148.748238597333909
148.602402057948552
152.185255228128597
152.417432831529482
145.633759358673473
151.712218542957828
151.900202353638349
151.416360635933785
151.068165095044293
150.056835056772314
154.151153741425901
145.271679880694961
151.544515116649166
149.174828337747158
145.744701663369852
152.228867919157778
151.046025859262613
148.199408606673018
145.632523356541952
150.905911654275769
142.976680030821115
148.714320986604378
150.254917883045664
150.783173530750844
150.817996819679678
148.607693697830456
152.297168329430264
150.984991846640554
147.732394448582852
154.816475470414446
152.891666906375150
151.239309470654462
145.296800525524617
142.778349203212571
145.400295677744623
151.187689412335061
152.026516113572342
147.205123207974765
153.375638928478907
148.757545797066626
153.239326134743720
152.144251335055372
150.662094616730485
149.772646161250776
153.903194118458146
149.809278093611113
154.698506350920439
149.406657205062515
145.519617548096392
145.255955494688209
149.851630849359509
150.426262364144577
146.485917845894903
150.283676307852119
151.931885206759603
151.995226235236458
152.182541899985438
152.668085546243844
152.095740976786090
148.843489717532236
151.103624051208612
151.813853566489570
150.561449777716547
147.033148350125515
150.250715389131273
149.830819970072014
153.276706161562345
155.901026688445910
154.102873272882817
153.469832366791593
153.337578844686675
112.197219755635999
152.696681373896695
152.646015329182859
149.369107675391632
150.917564741440742
156.104595910041496
152.028172613540960
148.441461993017356
149.613187119046358
153.483220589832001
152.934196913162424
153.946328692022860
150.826527465574202
151.763823190778396
152.964969722581287
154.324032008028610
153.980063750000085
151.637120052130115
150.112179807309701
154.915772904365923
151.034983976149618
147.919729718225057
148.686309461899498
151.754511770729096
154.718890410877890
154.712572895096400
151.572337539274656
149.791807228542183
154.609819476436030
154.193878140041932
153.054178535904782
153.210974826167728
154.917970293655884
151.985260108741187
155.492503508115561
154.324759981216232
156.145774809945664
158.043257821418621
157.213617618354590
153.965969626758096
154.930768422970715
154.500957361416113
156.173253128240731
153.508159262646075
149.288851565643455
153.843974840454763
156.143596308748698
153.400216255388870
154.887199851043647
155.216334867125369
158.441198659122648
158.226355799690992
154.849732317457239
155.217415937363540
158.047331709440442
155.817540753855013
157.871144324005400
155.733006254206799
157.249884418208950
157.768597684035228
156.813710401012997
155.035424627652731
158.322315105750079
158.808259647242011
154.759051389534477
153.940444719478108
159.351922219213463
156.127117122318737
158.050734598330479
153.677235537913504
157.314724363060066
155.195760600170274
159.169533866294330
158.808331142034092
158.019195042604622
158.644784348203189
155.033735625246834
157.511846706837616
158.537532545694575
158.816122078833502
157.219355401148448
158.345420892477364
154.532313472183233
157.069282949315465
159.847425961380509
157.776794140973436
158.075505244813911
158.074641246354986
160.393902050455210
159.500010446575857
157.709222294017138
157.667675051857856
157.822238531637907
152.829329640959202
167.191934390860524
163.362508200015981
162.805361867939837
163.015765323153545
162.017423420060396
162.735107364270277
162.376016296933187
162.999165887593477
162.625222537518226
163.509872409618453
163.568566161692274
164.236030181143462
163.878641530498555
164.629871997748040
163.065319902741550
164.397087826413042
164.706091571410553
165.008515654056396
165.326466164338825
166.260907821876856
166.420321197102169
166.680976689180198
166.734436722729924
166.658223562135703
167.321378699380944
167.928368906240308
168.847967049732432
168.850433564403716
169.477590344205737
169.597288145176663
169.926054194748446
170.239215517346111
171.584920062312619
171.729578285712194
172.944701351347646
173.862954146544439
174.700844429656996
175.115490267240517
176.572200235565361
177.629603161185941
178.905832045804345
212.995748962637066
182.422851276757285
185.079135030937152
188.737588862959967
195.352985088675780
212.891328057962113
193.303771975159549
187.711608914818129
184.324799583929405
181.930361075097125
180.322835108867935
178.504103774995855
177.360990303602932
176.009049357554261
175.363265778438375
174.473762755944961
173.906712578692634
172.560483441830058
171.758859900162406
171.126663634351587
170.815769609521766
169.716158133653209
169.634766840209721
168.773996850303973
168.691275646029226
168.780024377735117
168.017939469319629
166.917276733729096
166.909097477657497
165.868718224333492
166.597830499678253
166.010261279429898
166.330322210518432
165.107675197667760
165.592557176462549
165.870907131946069
164.159618959450711
163.701984034026452
163.488563383253478
163.628047339623464
163.551953202353900
163.045717598017973
161.563791964767859
162.119402464885411
161.921855855733526
162.300654376201663
161.726015799816707
161.258724055654312
161.740903619034327
161.568876716227521
161.986392750714060
161.030825627950946
159.742495035787783
159.328288651338880
160.716994172464581
162.277702141887858
160.886850019767849
159.124796603945384
160.067943826784699
159.518863014644097
159.031063026197899
160.123085495757522
160.131845360856772
158.438078680972836
159.331165800947531
156.952974005072576
159.439621650843520
156.469670212292726
158.380614887331120
157.578024860319545
158.244009553092297
158.994498637703686
156.700527229038158
160.438543694420844
156.270194784344227
158.820374470548160
155.626967303828280
153.844365629187109
156.313377431865661
155.587743022272093
157.842908588149328
156.541357707590066
155.705861927215835
157.944161148872354
157.638711581595771
158.107387731495237
155.286414081811841
157.592094679551792
155.227537170689686
158.499693011273507
155.781842391583723
155.376205918499778
156.079571498344364
156.162082473237319
157.003567225219911
150.484836581904887
155.228102988018179
154.391174274643646
154.888852299505800
154.025540360640150
155.878161949281662
150.417901813868639
152.288358947618519
157.417051510941263
156.186108121940521
154.951680048611678
155.314034291516748
156.954395388561153
154.762779336876463
156.686186599180473
152.148271706226268
152.974358111406616
154.313032382634702
153.773393709013590
155.591208636092972
155.157982316267521
152.933002922076582
154.801394059123027
151.530792661199229
153.840300555933425
153.432057071139297
151.852707556337606
153.740936365664538
152.982067744808091
149.964355606746636
153.631003298882433
153.462725158313788
153.364840747630495
150.403912415271634
149.051425657433924
154.598603008268412
150.781977353439686
151.100953038984215
152.447070000674785
148.824076749290668
152.364432815446406
149.619284411630275
149.332796821647435
145.291436327601900
153.272141413931337
150.984225666817565
154.752686046166644
152.281485858314824
148.632085530445920
148.714909094092320
145.356650365877471
149.072707670779636
153.188508280432217
153.630564199311721
151.728857979399521
153.860046585176889
154.225108237025267
153.750197332939905
130.792390056054018
152.216037641111967
147.814972602929686
152.150362174240769
150.286914237637319
150.137772198552341
147.754211066975813
149.629830439264282
149.383790938322193
151.376286661221968
151.791222954733712
151.127006949202496
150.685410732451601
147.343936539005426
152.792263878918220
150.321212451542806
149.958879681655503
152.791741578261934
149.985451352147010
146.594962491339402
150.109119241770003
148.817104073863334
144.890291983518637
151.180057503085607
150.242945089981191
150.776642119753831
144.179511974082118
152.687636480690742
153.854957331257395
152.212699145772206
152.297479591157924
151.106228829398447
155.200851904159435
152.206041122543752
149.731709995728011
151.149502527675338
147.051040671038550
150.880996885467738
147.705551529568822
149.888173566040393
146.227515160251158
147.288859193132623
146.705066517253073
147.033804134435627
151.615187816525577
149.743550413741104
150.670563782963399
149.820449255674333
150.014279629798239
146.772716528875435
151.522762452982420
149.553176118334449
154.021965309189142
153.921777652925982
145.681276508398554
150.679051696119700
143.501712879053798
151.425894776897451
149.003746311541590
149.083469206695895
148.839979430887553
153.027608914571374
144.793378317161398
147.122392864900974
149.774810474882855
150.795116600553428
148.497415252389885
144.156799227547310
149.848805706472660
143.694838025981909
154.100134946223505
154.449646380431830
139.118001042382446
150.885880186314921
146.396092635501759
153.005117407306926
147.596031621023087
152.080389716025792
146.282440570862434
148.725986677167668
145.277708508715932
152.116902581225361
145.555409032191307
140.840648192178605
151.981816715273141
150.489234364990551
149.717108667223499
145.142125980330235
152.730695570993760
149.087673866954873
154.542030021886433
146.159065980542294
151.969960640716721
151.135059812989113
151.402449774570812
150.641967012204702
149.483043147047454
148.679691995839477
150.983880677989276
146.486890338924013
143.778753233322931
151.742091619358007
137.628094859449362
149.416873287305208
154.170045225525968
152.276632107623669
142.872070340144717
154.063831763505220
155.520947685761001
151.247448045376643
150.272214875065060
146.966088475195164
150.589844032507813
149.047484713120127
148.281189508202004
145.439903422924857
147.439812234809494
146.925640752814417
147.806992182349404
147.651501205787326
143.309796482927510
144.590423779640105
151.581719672384196
148.647317277332832
142.141475657935985
154.137770934899152
150.203194089206448
148.827915755291627
151.311532057193347
148.944415568293806
139.614085318100678
151.646526181947593
141.703424289234164
147.816378499516702
144.892999525236434
147.987829697377379
147.463379958211334
155.679665553049489
150.451481187975389
149.401263912223527
151.555771330399494
145.966372828957333
141.674460663323543
149.769494282743324
147.961398053021867
151.400948235309727
146.413764336511775
145.054476044821882
148.009286921362843
149.387879298884656
151.684176379217888
144.165162430558439
143.945072784246804
146.643275835181697
146.297837150798756
144.585863185264685
143.577595852777165
150.663061548645828
148.544102491519652
149.286529906404468
152.138395706943555
149.567088674393403
150.686044121529960
147.276258160008382
151.848478789711919
147.137628833643674
145.005322422343994
147.375466725998393
148.978638299581235
148.682007631796267
146.869964884383194
146.999990074800394
145.629550461441085
142.241013075618127
147.831865257086776
149.254773479288644
151.420636291253487
151.095846498885152
140.030754670957180
149.523562422853871
150.561795739166314
142.504805439098760
143.393642546895762
132.754989620699234
145.992463010671230
147.321969144187563
146.747666038173520
147.134337458521230
147.666003324536860
149.830574648978455
150.723691559291751
134.068499290894437
149.204685827857531
152.181282875928872
151.131265948165009
149.552413457969294
148.826127717625582
150.694912423242585
145.088010804564192
148.846964192373150
146.299608314298524
145.151092918669207
146.802071833071068
142.649571322566544
145.007355322438656
139.938384812782488
149.656531522360524
152.187398186694566
150.943478202001756
154.141990199679981
144.514309356186146
142.045887540575080
145.270051509866619
150.018884302385544
140.418270387802380
142.030804853392766
147.282218811797748
152.752196149874266
147.952207393497872
149.479619265275943
149.117484648668864
147.088006747188274
148.336062032542259
150.785264117661370
147.006342729391122
150.220900767467384
147.379981452414540
147.305095092418327
147.114226385057236
143.473901180901208
151.939054186839797
147.588015923236526
149.349492315526817
147.717782155943581
148.951486419249647
144.228265770299743
142.811830587134921
151.323286484956753
146.382997017668913
143.576249381466596
146.429488994347679
139.032068090037541
140.478906902919277
151.337572677855547
150.440810561339077
149.046436869283696
146.780167534337608
