145.331567423193945
150.060866649413555
149.232689414637832
150.952843896127121
150.436243528607292
139.934915823980816
145.511532783494715
151.205384177764898
148.243013189693670
146.317948324030340
137.788070241901494
151.881556462964056
145.934317883620167
147.512012912310496
146.223730987370544
148.829509973811298
146.752873044717262
150.286664472310235
141.772393065526359
140.689561321041282
149.159965513087826
150.991405706302629
152.952041949085412
145.646518649946699
148.585460902925547
148.510260710562335
144.993175512635730
143.724175854064754
149.159400775633031
144.980031233338991
147.024111178627578
138.750506401271480
148.897518206789840
146.573159049100894
149.992245886087318
152.024628510490800
147.618249243004698
142.723763088096348
144.014751184741158
152.950928997639750
146.437831312605852
135.397720599820303
147.495972907303894
150.151634707398614
148.376979349922919
150.592293270836933
147.765367963920454
140.728454853396215
152.025375786698220
144.284074650721379
144.792026861990394
151.170219901789409
146.829211619287918
141.116675630913591
151.715243208220727
143.221298945863452
147.745961954445619
149.745552735034437
139.486195511979048
138.407392891861292
135.505978643549298
152.279793165717507
138.988505609895213
150.762012549323345
152.285554151408775
147.110258692865500
151.040183629548267
145.706369879067694
142.527082152086649
149.045854869067540
148.920567713291490
150.210460296035706
143.223663000696092
147.942656911200515
141.000083548995519
143.210420993580613
135.432093989719760
147.822553419354279
147.561796417267658
148.264369481482447
134.419213923930926
138.633296685918822
146.776390207657727
142.300354325668195
150.160073814603948
147.620750703687634
148.636720731863193
153.701329942661744
148.185895845038800
151.399816213308299
149.087884911436873
152.970160953320516
145.724727715480810
155.340895865834796
151.638466336575277
145.946945235248393
149.642167583365108
151.131463243763704
150.463707246299975
150.998298702190908
143.506077717397886
151.766731009753926
146.827088450049928
148.892023361594369
144.663914594285870
151.519329350258118
143.118806805786988
150.973709763925910
152.165519209548648
139.225937045649147
144.353536533245460
147.208542637617683
153.122416493084756
148.376124961028438
145.221382140377330
148.089291303533514
152.009509414465185
150.267998101032902
142.385627414049793
144.144879413909194
145.364575129976970
148.985659506368336
142.612952279930028
151.565090696968554
146.042723134195029
151.416864316374188
148.948903916622982
149.827004121202350
150.488868256041627
150.826606766971452
141.739090611321473
146.596035485788292
142.795917616626838
149.486552077417656
141.766933422548334
145.123542625437125
144.564164515204567
146.955179613240773
145.600257613597790
152.637819014409018
143.351204638050973
146.127631636023864
142.600243573688630
148.225791906056941
147.310663789491969
148.116646704895885
147.602330888448478
145.367171858209673
148.198305516579126
141.316478122063131
149.496584809424263
147.807172525317526
154.450495525431535
154.653829554985350
149.353818131091543
142.147522540333796
151.703572938847287
148.045797057103186
151.014147749355800
145.601993602763514
149.973803435663740
146.500380938521573
144.924418750073045
147.793767702119993
145.890766764350104
148.013946924005239
152.659376355099084
151.438630279936206
144.109199212746091
145.681951769696241
150.937275474250725
149.475281440981036
150.870984332496505
152.289472071549142
148.342510679541988
153.569732694282038
149.193581842280139
152.744755096294057
144.276128272225662
151.303912522086421
147.151530381639446
144.057383947900888
148.724804055894026
143.026070948611078
152.668207146517346
152.199946334370679
150.377253701869790
152.390653902032085
153.491006917587299
152.558765251720502
146.491600237885365
147.587305167099515
153.119788145584693
150.000038710483949
152.197831971411176
150.365704088949769
150.254629244983704
150.127805667534290
137.681883820339124
145.801539430049758
148.509333856349457
151.143321759033626
153.129372521541939
143.406682401566826
150.246900252519310
148.436131197606414
153.493855728137646
150.802944224714651
152.096092627088865
151.408504580945532
151.273242804619315
144.114806900705275
149.851086886130503
151.525956571188914
152.865337380072020
152.482260345236000
150.566398704938791
150.080066786505768
146.101081354185482
145.686484389360999
152.753980823614370
147.180006775361079
154.840550903935764
152.502327968668908
143.909619172186382
149.533774246804143
150.442391459966160
146.148179065935949
146.017601358633328
147.762303719252600
152.216789038570141
151.278735281239022
152.362518256794516
154.382038137836958
152.311982902911666
154.148847491989443
153.573769784455237
149.359032542082304
151.161939892007325
148.886533935982214
153.859694168185655
141.200408434543164
150.677539417097421
150.060197926993084
154.214972400342077
151.750105858756115
153.499149671336710
150.650801819568329
151.233195645726994
149.010707513832244
149.642448910299663
151.156898858648901
152.462184983230628
153.131735860937738
151.329589208881970
150.810282440092777
151.608578230403907
149.976372777424615
154.528633031319828
153.797473706203476
154.633581469948382
148.654575928248164
151.953441757751420
153.011315424256111
154.999676074132395
149.082962611003381
151.597876207238528
151.068269200193328
153.467765423656658
154.480956636170447
152.749655117361868
153.804642662733585
151.883916248489584
154.963925591670858
150.940039664661100
150.328503265031458
148.878965200557872
152.793159968915205
152.037199069648267
153.666067259880549
154.955117337241546
152.726822112671357
154.215505709100455
148.289360203996978
153.508107592711440
154.398045354400864
155.719122789440917
150.900079619145032
152.394725206989477
154.712084218891391
155.783635257506603
152.583609552678382
150.700334139074670
151.484482310025015
155.602347967635211
156.218897317755193
153.507093457267615
152.126068973181930
152.041903103077971
155.573794252831107
151.277189634318489
155.765596523668705
153.502999196348128
156.377379041616791
153.239560853330630
153.166025147182239
153.487838654644634
153.791222125880950
154.915103183254587
156.703429655782685
155.800122050541347
156.582614863284221
157.791394488791013
154.099306226960266
153.664248807920330
156.370502101540353
156.386788850441093
154.225825725033729
156.761186046267682
154.925695558860411
157.566327713296857
154.686925513614085
156.304279384580184
155.088561635175097
155.652437907481016
158.027624185400668
157.593998656913044
156.882821409135204
157.935950884884534
155.886493261664782
155.413255528341267
156.985271552071850
156.395414668904181
157.577678259755061
156.565065199951221
156.930674676227227
159.356918929405992
154.154293956036611
158.798673025512528
157.713387649659637
159.351261180670434
159.292814971368443
156.228154396383502
159.535870974318271
157.561534054660115
159.195357454807777
157.503211695024874
159.991849371141967
156.306648409506323
160.052623033779923
157.788903790846888
158.764954451041092
160.261048693058655
159.543419661973871
159.467860705898431
160.177385712967805
159.708695388842102
156.431683910335863
150.431231718256100
167.544979570394617
162.999085140699862
162.352786532939348
162.813850291230864
162.376622249154423
163.320683881120061
162.875333916124305
161.788256231546654
164.238596160476504
163.683710161423733
164.540750573945019
163.076432270299506
164.508907901595535
164.537536238943261
163.463723001217829
165.082686006121122
164.727258163998130
165.563861363866664
165.858649687494335
165.465400380630427
165.913274328956931
166.426081818275634
167.170853685177462
167.576525668406248
167.434076843883588
167.616658762401613
168.729533888321498
168.561370935000269
169.223872166622414
169.463323488569529
170.257434476295060
170.933082816208668
171.636076550019112
171.974837742915952
172.649527929262064
173.555684513023778
174.703045668110576
175.241667914961226
176.301013698780622
177.602356627436080
178.784895285572986
212.984455261459061
182.559647080318229
185.107126847921279
188.729067304496596
195.365872932850664
212.885902268039189
193.258669609048781
187.727579237567852
184.381602161208804
181.884623240455852
180.173774308095176
178.587787314695504
176.981525617470425
176.258492435400171
175.213466272226924
174.231619882581583
173.357074534033757
172.657581823901410
172.098656871938232
171.878900733975826
170.253801622211228
170.082781286679989
169.821171818741135
168.171693553414855
168.343942534399702
168.163234461714865
167.734440687607048
167.379056889223193
166.536486482802701
166.930791552620690
165.930006045803708
166.687172801311704
164.994427237520256
165.530930388565167
164.887011585570605
163.152417741746802
165.890563009253498
164.677776969896996
162.918910074237289
163.220261779871180
163.802683091726635
163.529898733656808
162.907358646543969
163.686956553259790
162.781284221153498
163.045880066730092
161.880562907150761
162.242603067768414
162.647220110481925
161.232770369717826
161.917415225370831
160.871684314720426
160.337706161567610
160.783511542558699
159.398893069655742
161.412537658258827
159.965159828716565
159.607505448526723
159.434961544710603
157.961327076970974
158.594930126119522
160.538363066204653
158.657561408745096
158.414036389711981
159.798147181583744
159.581625091352322
158.951200419464755
157.588070195639546
159.177211977355057
157.788570190036580
156.369379837223732
157.463017736914964
159.455068323693780
156.945096514606604
158.350262474869737
159.213497433414545
158.234897045344894
154.581807001108530
153.043693500865629
157.765880120734465
157.788154447275048
154.272568845298366
156.608552487484189
157.845664613358025
155.771913757201446
154.823934846158352
156.579918452635980
151.546076538405714
155.960970479631669
153.693737761278925
155.227645129504083
155.716135410801712
155.281576261818742
154.364835653787196
155.849626899674007
156.406172878592770
155.714046697246033
155.258630551558184
154.967575005224433
155.912667172516421
158.107131458536628
156.948138056947926
157.205511416001400
156.000377265463527
152.715245849634982
155.022703718385657
153.806315380977281
155.380924931851837
153.373093656317508
156.695136200616275
154.884883594033482
153.877508006687833
153.077389313037003
154.905418989755475
153.635301618138101
156.345075854047735
153.813166372598118
152.843609115709626
154.736867464317385
157.372193750034711
154.212932678261382
153.165928865843568
151.075680668079173
154.240427769110539
155.515431816052001
155.358724833600633
152.986557559311734
145.708886574798186
152.721575756536538
152.190307506791356
156.241512211860481
151.398074847906486
152.655805489318766
151.023104254486583
153.987066408761535
152.460798742715440
152.083965788061221
149.058019451234401
153.121399524441529
149.936233283045482
150.613569386424501
154.738552373193443
146.915800215067492
153.182288942994973
154.117341000765805
151.731760855712594
156.772153221914436
155.791183931219564
151.973816382227142
154.425137526437851
153.995060620214815
154.596877742627100
149.374478611616979
151.899770507457049
148.969865032267222
151.125911005759576
155.069646852839639
138.974298603263804
152.169688933536094
152.188326907982599
150.910790093600610
144.300844832317409
152.822022136952683
153.815383788810777
153.902552501117526
152.678044894351103
153.808325355745922
152.459327202933338
150.520098853716718
154.087532802699485
153.448925984333130
145.157510238446321
150.944645735356914
149.893894595050739
143.133205039864066
143.110096559047378
153.277856776591506
152.624677268498203
151.169723337671826
153.895634796265199
155.131937168879062
151.626638186167270
152.827469564831091
149.390433507084566
154.663796176078677
151.581521212855108
145.609024758629431
153.355397053286651
146.952934693744396
151.055844472590422
151.885544276600939
147.987126464944396
149.220480991411449
154.979750696119453
149.450536536298216
150.798951163611576
150.442044061801113
150.894887685528374
152.625078543299651
151.704250439976505
146.712647884383273
146.154190847360695
149.785784596110233
151.700354706442965
150.167399856926409
149.135271614523788
152.748696365621839
148.053329864568497
146.919932466167040
144.890250651593078
151.596602152198159
151.096806380781061
148.717757495772105
152.319327190227199
150.678383422833861
146.600383928774903
146.251097748852601
150.930718652467817
155.206846676845743
152.315647619930758
149.566350130102364
148.919351059659675
143.985829045104083
145.530983536651661
153.546464666488419
151.525140377212153
154.470647180419348
150.255549475266037
152.128236752245243
146.821161487149993
147.138090640375140
144.183143384596292
149.378793327751197
151.681937762433961
149.170295452560964
151.595722650022111
147.765245253847525
152.023057660619514
147.075437678858862
149.137158225764409
146.302240106074720
150.620635094414098
151.037724957794268
150.953475501544546
150.725885337296631
137.479533020140622
144.385248227474619
144.749953325078792
143.760100144616160
153.138348743654092
133.438338028623150
146.976923403172322
151.401429208892978
142.667538417883549
150.422604990989100
149.734885793609578
145.313884751439502
129.362429680688166
142.294134016434072
149.649182554756607
149.427163939640707
154.570568021468773
151.046750070098881
146.311415776179473
151.851135317508607
146.368879891588534
149.461290572337788
145.951562401531248
150.190816606297574
150.204324092121141
151.104858858637471
149.427048386706304
144.141553312279115
147.495632643955162
149.359649549161958
148.155676127088952
144.896434873469644
149.882021677417043
148.546010575197670
152.028678263168388
148.359377611446831
147.123797525963170
144.277942372361423
147.954869539101594
145.980945087530301
150.397911469762647
147.342920763495357
151.961155962168249
148.361468171692593
151.888290872102004
148.822591624360825
143.723269954826776
150.159795913140385
151.170457947277782
150.489722251313594
152.345927167637683
153.174854264147427
144.880711178706093
152.008670291676992
149.881093493951283
147.509930220277539
146.697273518442387
135.975635436806243
151.623937403486053
135.717352847566559
147.312607255179159
143.997256544946708
153.269551192997369
149.757708972947853
143.532440223058728
143.188483193667793
145.417549944899918
150.708767824572931
152.845918890152689
143.393430498509275
153.018878555649849
133.898535956157843
148.832524844306448
148.345313086416411
137.808623085993702
139.573192344968533
142.780203153791405
152.125277619068584
146.750984761691200
149.728916312303340
154.620909908917923
149.603451429902606
147.052605808960777
148.355486300610949
147.181285659249625
146.120698188299571
151.305309848661722
150.579713545025442
135.017855890614783
142.355260012055140
136.961463229819174
147.836470759940681
145.406261210047973
152.069053103025283
147.151398809335689
144.732491672305656
130.777277214585325
149.323037239454521
144.379743815236452
149.886837347331777
134.667141265100213
151.144807177954533
150.254996307140289
150.435972373913643
139.177669183115341
146.871672824112551
151.647723847669397
145.729083656204949
144.888328993171683
149.071199317179037
150.271460738643157
152.294700524743149
146.961749105821411
148.795809783381486
139.501953938199307
142.182092663985003
145.656724663500398
150.834147640211256
147.609626663853334
151.938543283920040
150.373008246350480
143.167016538606987
150.004521154292888
145.717911135741588
151.418319357266455
150.950400333644779
148.459453285806092
147.480582745535571
144.753569490583061
150.255924530988551
148.757808447772504
150.071812354273959
150.001917232530332
151.564661345719571
152.037870341704121
143.897904444540899
148.857235428469323
148.018073337667630
150.726557530521774
149.928061035599256
148.326994101915716
147.163180468508159
144.206154512334820
124.262733772163074
149.760871656497471
143.755253354900731
151.022329139748848
146.309991153606404
141.132314403195011
148.348114440351566
147.835944674337156
150.687073099881729
145.999664265414822
143.149383778133881
151.875253396929708
