139.892131937047793
148.504934900024665
145.353230101506853
148.062317216599894
144.360290115764656
150.767765731538987
146.650503751216348
150.683212466339768
147.193862448790071
144.555070493307852
149.917113238976526
142.504402316744859
144.878457571060977
149.484449541438664
143.494951886161346
147.484433400137675
146.079350686128123
138.650092402658572
139.791458495480128
142.584710950348523
146.644627840902132
148.675421746492901
149.409456229692580
150.334950841271507
145.012070399828019
151.604593141692050
151.742825755181741
145.648395627803723
151.569382834792833
142.160054106322548
142.461668728150414
141.361058586648141
146.429681840335746
142.783757852354938
147.999879726521868
140.183588892623220
141.889920174902301
141.606923362654868
154.466617898365143
147.558513264144807
146.550275490975196
152.700859061958681
143.610706386766822
146.884716715842899
146.040304442618492
137.475035453357037
146.568399620325863
151.700921399257084
147.898598290323775
144.004249557168805
141.449402810603459
141.691993262207575
150.888278415046273
148.850587565237731
147.204952389579660
151.818267364806843
141.064819701453985
133.781919240787744
148.509348884093498
152.209201723991612
148.836994998572493
151.190790956933199
151.565471681111291
147.012481509739587
147.774526317942502
150.232573217444696
150.344601047665890
149.397406514058815
146.022222196210663
149.760147742265531
147.553361231695192
146.020517628722246
149.102621587538607
150.035298104955046
146.379912745620146
146.246743454994657
149.884100459459546
150.657532110831824
152.462607129425692
149.937808435323376
145.489529077806822
147.003521804928965
147.375209208319063
143.895563430509156
147.739243027246289
147.917672330531133
147.436869095979375
145.113311600373123
151.680409007822959
147.154041933910833
144.393940834822672
139.055811752515893
154.973407428220440
146.500848772421534
146.794591252364455
148.038410539575381
145.475265841773535
146.663782331437744
148.741798331437366
147.082368443000860
147.373784398965569
152.976917395511265
151.674746437894925
149.410444058903181
141.899994090449951
148.057279550153453
152.058809048004065
152.059358085559893
147.200694606435832
148.661932550532612
151.949915628028890
147.895027199966989
145.923631352686243
152.702737833901239
144.996147910205508
149.867833235157889
137.664324232156105
148.216462593082582
149.040487449442907
146.217924430804459
150.658817744814797
134.718040714890350
149.711561002094754
152.616159491243252
145.180160185764407
148.355498317784821
153.683831611619382
150.468860487165955
151.706186133196155
148.380883438769928
153.955319535020095
149.284757590532962
153.973016479057435
138.056185928918921
149.803983957846725
130.601903959885192
152.331463291889861
153.177305984605965
153.633179718768133
145.458691918125680
148.172950936520010
153.975320261489884
146.792722066111850
149.202836093367125
145.981652296421771
150.217137022761847
145.871376601441142
148.084380858574207
143.117665606954489
144.909035250688362
149.919064380831969
137.107815444330214
149.937699550091338
144.607372487852956
143.685642564086947
151.254806999182904
152.622305094860110
153.286321583854203
149.894068080943384
149.274021328436817
142.537182235927304
139.059713594523885
146.548392305700531
149.259370437358598
146.719972731363953
143.746690362860960
151.948174140144346
149.978602874161908
148.537706205751533
147.247814765822540
153.867129192476796
151.867689211031717
150.235235884413811
148.301874171617783
144.939662520240944
151.967877782592666
152.640416004816075
150.175949582173700
150.910459682643989
151.530881063338654
149.226461528719170
146.912996022669574
148.643112101557591
151.561868358636957
145.230683892100132
150.063467274169710
151.419303220914742
151.201309931272135
148.315601142932564
149.723924974514233
150.971862520152229
149.298937647839153
144.390121225792456
147.999179827679114
154.237379666301081
153.292618314365029
147.509608581853172
150.493117342675106
157.208647664635038
155.617961423204150
154.176787914102135
144.577138795311129
137.920630916547623
148.932484084010952
149.956713420163084
145.496239714438047
153.345580636643291
148.761185441759238
150.553888877334089
146.603516894343471
150.660389907091286
145.118280049678617
152.137059217346518
153.620012269988223
148.813569644341925
152.048016428705409
146.918774329201113
153.462180411733556
151.915752448582481
147.531236646072983
149.550737432547805
149.570236909288553
153.231526990533098
149.280202282181534
150.144350836737402
149.104614592841017
141.401644828995444
150.274885259908558
152.261092504577050
147.001755143608051
151.515321690593908
152.579073207407077
153.021106259945981
152.550426137678556
148.371992093689073
145.769812269561697
150.549407442778005
148.604614572206003
152.122475524082802
146.935459765065843
153.574485924999323
148.128331819264531
151.172185794692780
151.568435930183000
147.769862949233868
145.752863990388619
149.718149678229679
152.954505376531728
148.583001509366738
151.354274359505354
149.150930049136008
149.516362079177071
147.991667406960829
145.109529186659358
154.728157153294717
148.994584675900455
151.931866453614703
151.875005094695155
155.117483719809144
152.154781177928243
150.317997551468096
151.994323713326395
153.191234715569294
154.532697303123712
147.218820958011889
150.879021573940491
146.453012104351103
155.973847000513928
151.877734194205289
154.352730062739539
154.500264212443199
151.820941608525175
146.767285324600493
152.898960195336002
151.467044088751152
148.612708456424798
152.735126802082306
152.700165257251086
151.745417437685489
154.869424416133455
152.425932980130369
149.902635606452208
150.585598391520989
153.278770139146872
156.832287479317017
155.733080461535792
155.741164899669343
142.781346049931813
155.061070477830299
153.750974440695188
150.373971954390669
144.391297226316254
145.959308561025324
156.557013852113045
153.128708032089975
154.003203090307778
154.657736107610560
156.404507884384401
154.454511402971491
153.836973198220903
156.088417812941259
153.477438952238685
150.379570013862406
153.081016163221818
150.945327884601170
152.561716305579722
155.053567035218634
156.369931071004913
156.242333323098308
154.755255405102361
157.857383303575091
154.332877302571291
154.358094061481552
153.813879438585133
152.158801256911943
153.244236920288245
156.459341103641663
158.120650203877204
154.418317247996157
154.333650798479653
155.297173880662172
157.483670110990289
157.111721607565926
156.124019794578004
155.881722192440037
156.646286315078243
157.649187315377645
157.282412818163323
154.420292756797153
156.841493006886139
157.805622058401866
156.331330678631929
156.367438685591765
157.944721361479651
155.897454869228170
155.650991402011272
157.793583866150755
158.424742467797728
156.084040502930407
157.847305247813949
158.450102740813634
159.828653202491608
158.624947613649709
159.770480227723453
159.099943952060983
158.879901163335091
160.537363749531579
159.776982541953430
158.198351377826299
159.787422555106588
159.602119754062784
159.825637573914975
160.948030225714831
159.840659216016377
160.713596969774926
161.142957180993221
160.554809519022001
160.661457542312576
163.099441109649518
165.094428722238604
161.257487993627194
160.781516298717747
162.186072850146218
161.415067111723204
161.880112023217919
162.303852480758565
162.444846132728799
162.740234013754502
162.953813395831673
163.771812254671858
162.916210990404835
163.143953291783390
164.146147573596920
163.481125447996362
165.296725711397386
164.441977583579728
164.614210762969549
166.061446840477032
165.682318792762516
166.372443426978833
166.338520577541544
166.482674971276765
166.579220542297207
167.904686252290929
167.813599467596475
168.025480043210791
169.511739344983454
169.447399201590940
169.855706703612555
170.198492096708350
170.127272924095337
171.282634759795087
171.562399971788608
172.563720697864909
172.928339312853382
174.239574225368472
175.374219295318852
176.216073768939310
177.349710609195625
178.765831535801567
213.288753564248054
182.509094354733918
185.056442311217893
188.761294167367453
195.355920284519755
212.891365106999046
193.287298766056153
187.761115290084462
184.402861350390197
182.015335021178288
179.818760055852948
178.346879743754357
177.226227588764829
175.995067193323337
175.286032445118394
173.878813902393802
173.174608083259443
172.929653542335586
171.935770421852339
171.249542910899777
169.904859591455846
169.754653449552279
169.177890256911809
169.173169046809164
169.612541727606157
167.805659039453900
167.340420136206347
167.662409193023450
167.098023524482983
166.562582483801663
166.023653092925684
166.653883453054164
165.800309107888751
164.566576102778811
165.198259891617312
164.862883609816464
163.867211118435733
163.735116682268995
162.652856707048841
163.749029702140888
163.108829564966811
162.986238675011691
163.355079207692711
162.606974547866741
163.857111293945820
163.053035577054260
162.115589963925004
162.464830648007762
163.109360989253702
162.343393488991467
161.679033166959186
160.274814934919476
160.558674395807770
160.447028529404122
160.722759126671917
159.588082472415863
160.095405361596647
158.020074996767249
158.660255532299573
160.117097832573222
160.062105353755385
156.253700653806249
160.128557367567936
158.866153228058096
156.987588561767950
158.947779515038462
160.786144818977903
159.014040359738033
157.396486869537682
159.606495725928681
156.823348249613844
158.473385576509372
158.390073936846932
154.895229337196582
157.988008274474510
156.511924111108357
158.070510694258928
154.697136233227695
157.001247275084751
157.650471977551888
157.886167618772902
156.017575862780859
155.766906672050510
157.962560113057975
154.601700886450772
155.569466842955421
156.821126217548624
153.018673346068198
156.248906868232325
157.841648543840421
156.798919612602219
157.328839359365361
154.596300625849267
154.831315446504732
156.239871930476966
153.172122829212441
154.828564422934107
154.084875294232091
156.696160195127618
156.806114498966053
153.149382789657636
154.711409660471475
153.541471548799365
156.831472994139915
154.656382677285876
156.361239075458286
155.087827717276525
154.470271847774001
149.597971435505201
156.699801405661475
154.404738711752316
153.235403970979604
153.996336177429640
155.530709932166900
150.992646251920348
151.836538079236846
152.791285439139813
151.228930004125544
150.848892343314276
152.703199496508887
154.165380973334635
153.417202622110494
153.729879232106043
154.958035458790789
155.681279558806636
152.438862867694922
151.210812479544785
155.897635900786639
145.113164620323147
155.349904060379288
152.428071089370178
153.076133431990570
152.038956716499200
154.603481406916615
151.914554342393899
152.457642685596227
154.478694530557704
152.672208565417122
145.874590394968777
149.238116185917534
153.596707616859646
150.353038145733223
151.723615028639955
153.566451121607173
154.353716848492780
151.471915166343905
151.872548671450403
154.596997507077106
153.570454313456082
150.554314255135807
153.541647026132893
152.562973258166949
152.526374033983160
150.336831435779430
148.714231577858186
152.879714149049988
152.410572431795941
148.069974230449816
147.520624298132873
151.415726940522802
151.080574181931127
152.850627631938750
154.023127729630403
154.110181741876175
149.380438744522650
153.405537299051304
150.446438267144117
152.460117018880851
149.556852195990302
154.185301263184954
150.226061723886346
154.761448124428227
147.011753098308162
150.985632169224886
146.116395396109084
146.477903689144426
150.271668565274240
145.823382942703290
150.154343328496850
152.967127260961007
153.356491862524081
147.829422166162942
152.494553307385786
149.428165711166059
149.995527192899004
149.392184431942923
151.111704614451924
152.043087435207610
145.388877906459072
151.352330523456118
148.299000378249787
146.720403308913518
151.212030300584019
148.790877590385008
147.774066127898664
148.848764773237036
148.578827323941255
146.746925291325454
152.658232574540079
151.714867464720356
149.563363014975153
151.887063456409095
151.511331344494579
148.359698433569406
153.669681535228989
149.310710882684361
151.344643932308458
143.804155289403042
149.908066578951633
149.205798659582456
154.685848827482801
154.851372236680533
150.427789060742811
146.787332004530271
150.918855862970304
148.461632227938168
150.300586476483460
148.184910179551821
149.412144930348234
150.074991312551475
150.549582345529728
150.337111272465847
150.603038822016742
149.754086624877914
151.441101728830716
146.430249270112284
149.903915221593820
148.591214447570167
143.699477074622365
147.249103924529294
148.151911202323760
140.836566984008101
145.929350916017853
148.547107882214561
146.804569134021932
142.628531637073394
139.843291037332335
148.793907244060250
149.834987486543298
148.526206583869225
155.743900213638057
154.357404910207265
153.356847266334483
146.953879795429515
148.760320390807379
152.629881475311578
131.071143635030126
145.398356115233582
148.113525558958713
148.442724989428882
140.094268996576318
151.271718370529072
144.384411799275398
147.616217124683430
147.285364674700531
143.578569455382620
145.832179062426093
149.566621937740251
152.916169161829089
144.474222546346198
149.746438056377769
148.322954061129565
152.634931866310694
150.380879796822995
149.018519444408611
145.897007713674753
153.112906232910689
146.019688921620116
149.370519473159192
151.337692241220168
149.921808350281395
149.178558696647599
146.728580300104511
145.321621728798334
138.568331195239409
149.568178035410881
147.536623109744369
152.022126857850083
148.554715639898404
152.411133412945134
141.113552542225278
151.086722868898931
150.944852810441120
139.015086778028262
149.401208450625262
147.490478737497199
144.365118403294332
151.150688511238286
147.605674055631425
149.200689369561928
146.185220517303435
150.194060993154295
149.468691468720749
138.898089478094789
148.059163772611527
147.406302823399898
147.896145748319753
147.224614367240463
149.669159363833984
151.008067144857591
129.229577420545866
146.067231451405036
148.116141835585040
149.097470316427973
148.220868264587750
147.783153409835762
148.276764533818522
146.722816235145444
152.101550617038328
141.535754694755695
149.040987137697186
148.287953608344878
141.725335532715889
149.165531095119803
151.334760794348227
136.839865763233149
147.409631534867316
151.986798259049920
142.801232217862236
145.159431210110398
147.739645205687367
147.628147394958376
148.474872567357153
130.269651220719538
139.714529761119053
149.938138145397460
148.674809792241575
144.149031246505473
149.457637643101975
148.605829867213998
146.365187865424502
152.997411546170213
151.880921780972784
145.811168212277977
151.046669882182357
146.800988051375867
144.298454347069168
148.270932471195295
150.349136351459208
148.414197139833192
147.893455040789974
141.950164783757259
146.957715674880035
150.453745996196602
142.664003697311927
148.160437263382704
150.894957497838931
149.880173065546728
145.932856751362834
149.827536006030130
153.055695024124276
151.569520037525137
153.828198753201349
146.687300430360523
150.602760019589255
147.101539744514412
150.491470965052883
152.055974040149493
149.317987382133452
143.241712655746682
147.700099819048006
146.534956454875726
151.152589000419482
147.199799722448148
145.555702594963606
146.659605385807140
130.877491009397914
143.990370126398773
149.109196545033655
141.489988676365016
151.053682581846175
144.161249339177886
143.992420248625933
148.243695954222403
150.497555930419054
144.651541607119469
149.855536097294419
148.695929714557991
142.531710346467605
149.675338458693460
150.725052165590313
149.115082851375547
149.956180283544313
150.460378787046636
152.361346820914946
144.633201565332712
145.333399347951200
149.400855015992192
132.885447957566299
141.983074244263520
148.454915492764542
139.392715864107316
148.484521433426693
145.120693424064882
146.266491403608541
141.144683780059779
143.415900537770710
144.168813716290771
151.558103324261594
136.322216549137124
