138.825319586091723
140.331831200797296
129.294214914154509
134.290038717747649
151.490140739338301
150.770905346601921
151.050176081319051
149.932437175062972
150.986634153793943
149.320592590901072
152.934886951468087
143.979320942740941
141.349339714705764
146.957395772280506
149.011932065562405
149.296298606180386
147.442669987664090
146.062958589566307
146.304486787530294
148.203602693827861
151.450223223404265
145.406259787934090
145.652358908580766
147.907102969070223
150.572120088441579
145.453121137373898
142.146433427258842
152.629494217855409
147.058611923806438
148.121934497502309
149.971874621935541
151.871820426927144
150.941883010974209
145.375110212338910
142.741596247447490
147.827705636642719
148.411313316179360
140.696487223624388
141.868561747346803
152.490447080206934
145.110538104486238
145.740980809993601
148.333591000935286
144.197409069134721
147.326475457610144
152.822429637330998
149.158528355190185
153.147518462602619
143.287393178263414
144.398027697799193
147.273041158949326
148.415888561483229
150.464282100889420
146.075584653983810
146.731860012308061
150.107394180371386
146.039095123147490
150.266840585003195
143.958165706551597
150.907446851775319
145.529574571938952
146.677088509370378
144.570933850220086
148.738905980239622
146.187791614092077
147.731791474742749
148.302163571005735
149.907475778804695
152.445685486466118
152.524174266671025
148.678799334545772
151.922956202741148
150.300072337936058
149.227566359421019
150.563940661187303
148.270662951222818
151.444112114904442
141.901424324036441
140.282091136125644
153.321518814646282
148.191215963031738
147.409763378340102
153.005905117376926
149.548140638569095
148.339336030387130
153.216462330696913
150.597238158635747
144.874332345469810
144.533257304208348
147.242019500492347
147.355524117171399
140.811797035418749
147.936163739809984
150.100774632386475
143.279215836754020
142.376820603084184
150.359368099768147
144.431885588779636
149.449878625242746
151.460143803113652
148.161031455245421
141.005251180783830
146.649355383621497
148.298980914375932
144.667916413520828
149.310499133833844
151.360750321091245
149.559197259990611
153.101241908529602
149.447492992192338
149.532537489483502
148.483419570330170
148.944007381661720
153.149838534862084
149.061751130807096
152.854324598757273
144.979228668073006
141.473988930905364
145.856695475344907
149.166575935347851
146.207014215566886
152.688809692715665
148.097182731087798
148.666334008543430
135.190510007790692
151.321610900300556
150.959148339596510
146.468960280350188
150.110669798318042
147.497937348748536
145.117008278891490
150.169559358487589
144.871139125929233
139.075015965391657
153.523236065064992
150.095744149322144
146.360187530768854
146.884064280974997
151.745083966511743
146.391413989286207
145.441436542493193
151.682825086913937
149.459518441870102
141.912395819568928
154.666719722602068
147.966376656098760
150.390511101360460
144.008499210342848
153.030178060456365
149.444121860014860
145.998928071859780
148.240060054093050
140.275179336155475
146.383064370049169
141.095264199394848
143.661822655400812
147.411549037868582
146.936460873996595
150.780656764831122
145.941361890719008
151.554678773697191
146.940397432747346
147.057997348261893
144.504966117407918
150.376621325605385
143.281706121016697
148.184990184915534
149.968798137957549
148.996750549388764
149.788643267708437
149.034090665004413
148.842681802808897
151.473659246084310
148.639790981864678
148.513260816697482
148.821311364159328
152.944611672025530
137.261911065855486
148.005635334039084
148.668053589127112
149.564273593607197
148.252601157566176
155.801465454242418
149.230845417877788
150.335323825175323
149.341995992857278
150.331919084066811
145.975399167832336
148.488965928240077
141.866938238278067
151.949143315597041
151.309520681001828
139.615840635677813
149.027715417611319
148.849989105443228
145.744112980710099
148.122681865218794
153.818041842338147
152.558852789125126
151.937186813638448
130.808333372562743
147.453158155918430
151.804856675050729
150.449036548241338
148.790074676005901
144.873128560948942
148.895571460154258
153.780610738289852
151.937251789328911
152.671070638806668
151.672890751939974
153.744370790509947
151.312611518159599
152.950851024931467
151.915819860436386
152.295610141371498
148.949441312868800
150.450068016351906
152.097480686644445
153.595722040772102
150.081402415241769
145.957013238500281
153.789984884457283
150.573273201752613
153.687531085620861
151.362224858576269
154.027804417246216
146.384360760000845
150.162198329512364
148.714904298019690
148.317238635414952
151.054696586228033
150.822851097907687
149.697097228541963
152.095914013733136
152.705144534217737
150.368057365923448
155.318193770972869
152.014347946927842
153.825177620776088
149.848019908926318
153.674319188545155
150.566038552189895
154.793054264899155
151.821611174703605
154.672957080511139
149.833652084999073
152.130260172929241
151.955498556000180
152.970477115678335
151.807081794131619
152.127836467868974
153.360096244718164
151.093248000905533
154.369635506986015
146.232495001844228
152.471073657189606
153.968029737088102
152.565922646180752
152.004623445063743
147.315771994058025
156.008476404828059
153.591081608255649
150.003984162861286
150.528294983710566
149.868579459635725
154.152912191189870
140.107214213496576
145.940829772576933
149.383195377779572
153.353087510852532
152.498616171887818
150.810584615122195
150.394914522633741
153.572883570144796
151.585663384371003
153.752604618340229
155.193792400059323
155.512335977835846
155.903547356920512
153.507954209375896
152.860481311976514
153.863500629227076
154.253199893273518
153.401937943264215
155.420623837163674
155.523234680663734
152.667187128961814
149.237546100417774
150.310352725624284
152.117836648481671
156.373139451144937
155.181652249457557
154.573758631271602
155.378461377345047
153.043452643309791
152.320312011693943
150.581419342233033
154.647118867436234
154.810399334653994
151.401498366256305
153.498488971713073
157.020949547656471
153.997340474103083
154.171268402141607
153.449437859241328
154.855094831362521
152.506595226075376
153.881658608790531
152.429952073081949
155.487369050107361
156.210543476227343
155.913909342319641
156.804588315800629
155.940293065046376
157.430972156392471
154.538338533357262
156.265522107627646
156.608793957684469
153.930026349361100
157.846798987884966
153.933457878896917
156.322287866360028
155.727112371109200
155.214477274288470
155.464355054236137
157.984419454835432
157.484387588720267
157.082955888620546
155.771103361712704
156.368932941920889
154.490787651461631
157.096139237967407
158.997663543247910
156.660482217805992
158.612999493993698
157.937014003762727
157.362115038893847
159.431660876911508
157.296791014222833
156.534024108630831
156.217314029579370
158.179423347911438
157.465193381276805
159.873521794451051
158.167173840328246
160.621008343766903
158.312938224491859
158.223934647909516
161.262069349210321
158.429996046678752
158.580030352811377
159.338599288112249
159.487164736102187
160.355598804797694
160.554098063666743
159.495262712563147
158.762385620688747
161.730463360584878
166.443411595623985
161.847318073687944
162.525113493888341
161.929528385951329
162.611300814788393
162.372731315082092
161.864332106567247
163.483221940631665
163.385274527364999
164.161033297463234
163.070749172989309
163.289359641556217
163.518702604033365
163.757224913709251
163.915579230258999
164.566857687128902
164.523468680322878
165.454550834748204
166.181765959450985
164.800889353882951
165.307682645531372
166.875479957443503
166.368794143240592
167.847178251668112
167.122280115620157
168.044479383531097
168.953021923908011
169.344670690323511
168.933983854729348
169.388379650969654
169.896008425513941
170.743022355086055
171.331003182669718
172.045563469139069
172.297617466449793
173.489153094945749
174.358355910563006
175.329199283879746
176.416908291742459
177.664737524638724
178.840719376281413
213.219575813072822
182.580811520386987
185.174168864894000
188.831201425575415
195.367389301794674
212.885399820634376
193.286802007929907
187.785631917414776
184.352252498137688
182.097105319816649
179.969618043292542
178.333782964237770
177.283533355350585
176.140991966134635
174.919371228826094
173.910071991664495
173.247360367256022
172.331534060514628
171.922499848028878
171.169505188385585
170.767203422028359
169.805200129566884
169.555240006347105
169.093793764730151
168.978343203727491
168.655574128203170
167.531424258254987
167.883355047951881
166.448276924037600
166.900373732850511
165.787499312388917
165.849894839185538
165.629841191534723
165.497239198372341
164.719964792531073
164.181346156287361
163.790325935828179
163.582468135970089
164.787965604311410
163.537805565022836
164.359128315876035
163.802097856626546
162.848738977868976
162.085541067426334
162.567916952277415
163.346642844966027
161.679155428975321
159.603137142599337
160.856262253785047
163.882175920987152
161.767719842948168
160.693403238929534
161.905994999457164
161.185561460583131
159.960582167672499
160.747685333471168
158.416386748473087
158.872929536630181
160.293979331259749
158.376792172633316
158.890341502315835
160.772718362345245
158.830544256271423
159.964505502842087
159.614092310228273
158.709506290272003
158.846709520858184
159.113790706706851
157.684231695740237
158.662263905812551
159.129239660426663
156.983723256708089
157.854877544058525
157.660480303510468
157.343028447886269
158.095382028202778
158.657819246969012
158.279705065209782
157.234989424465596
155.365565432156359
158.045588115945378
156.307882710499172
155.386229514539679
157.735501016791062
156.912715622096812
155.978597437883451
155.559211071663867
156.112317390350114
157.321313874203923
156.524297041888531
156.009557207567838
155.459392100166582
157.537884845674853
156.190851572671761
155.808602522582646
155.555680439913033
155.773896589651713
153.822449949486554
155.618020062428883
155.930676217031532
156.934609703790187
151.461341832464086
153.874304068535594
155.919436772766232
159.124899265710809
155.300469285911106
155.629634943496427
155.723767061590536
153.390542791357291
157.617794696310312
154.424816570250442
153.726838274355401
153.984224904340778
156.733184422379793
155.380007903995477
156.294105235518714
150.355705581081565
153.679145795972545
154.568296061040400
148.457406189238981
155.030072040546088
151.068903980661304
156.058686520689264
147.627318542429805
154.617184745093937
152.073432893398007
150.457516755979242
148.391890198378974
155.337803362714737
156.178181630380863
153.616967584514015
152.260748542833596
154.916863110914676
144.420323318327689
150.221795846848408
154.161143157491580
152.426565542794236
153.236737779183755
149.988563334987134
151.683052187885011
146.233336599745655
151.849105865672641
147.385558920261701
152.864306386592858
150.173003671909754
155.621445980005035
151.454578040362804
157.071377524542470
153.734313550977049
150.324690271032011
151.856546438796357
153.667739537357221
154.852650293999545
155.610374047190049
149.662656957266591
149.622521689544129
153.244777636304320
151.688104454802300
152.104535300832850
146.850997552965566
144.851495025977044
156.382383391382177
138.080881522569484
151.450555609809186
153.209642136304637
155.245749500314389
153.518781437951191
152.081938038873432
153.605384105831888
153.057100155535494
156.277130511376782
142.612897687761688
147.076277350537680
147.878594097850453
143.458410436958587
147.638653581316305
153.077360021130005
147.842518470468548
147.477207859644096
152.885333822258474
147.123918985143263
153.565287257242517
152.637414605468450
154.318518897148294
148.805679017585078
150.280485057876007
145.542700886180455
150.884603853824672
151.563456717164513
148.955517273689821
147.623141988078856
146.735512908026237
151.698363334061810
152.322865370584140
145.700213026776879
150.594994692782336
148.192667604402260
151.937646045372190
149.804973941359492
140.805970635979804
153.677145993072656
150.424013594839948
147.965048693852111
150.422776384291723
147.062843735353994
150.026173956245003
153.062136237125969
151.307272647717298
147.612272014114467
150.754723899084297
147.511786022601285
150.645709345352827
151.244036577234880
146.503429736108927
153.006335614937370
152.788490309854268
149.770742138998457
146.169730470461474
152.332429758434927
145.997657544010679
147.184335858194288
149.839122544782640
151.673814144792686
149.099868915730383
151.125914734738586
138.201239360366827
151.429023983964811
145.529868612410979
145.941795336706633
146.132245003580920
141.482758773840999
146.170775798433340
150.552813182953940
149.219532445568859
150.404132494982690
150.431327881835756
142.118135711664792
146.730978382466105
135.706627565719316
147.464074410859638
152.144524483217140
152.110124305924728
150.662710203132633
150.444812014565372
145.795331074811969
149.168940135271811
148.304657902519665
151.928980829844022
146.489268483017298
144.807132483182471
149.071460124711507
134.635108933535520
148.449162988173072
143.784543982437356
154.727827072985747
148.196774205396878
151.797182447891487
145.349977142420357
138.193309993600877
144.872127654808736
145.448585730043220
149.830414915082258
148.642545655423760
150.810528210523472
149.565184976754352
142.396649439725252
144.688440780708419
147.512440177566504
147.270939393395423
113.888872786289966
150.454258710644496
152.320894900432506
144.802519863624042
147.646265557149661
138.764583450870560
147.080839745728412
128.361113641565538
137.848875168032407
148.504046609600636
150.251078826618226
144.022227584296900
146.202268756762265
150.700375062532459
144.513096454560582
148.749814365807140
146.695388814320069
151.013560466706792
147.508462010793153
141.144638647507549
138.776724558521551
150.271027518526694
148.725857466828984
148.817923336356273
148.970092514851984
146.137809170444768
147.858058215881414
134.739958537387764
154.780335848220460
150.234455382886324
148.548296427077730
145.598270151264586
146.077303440283146
145.068788601978184
148.783536376686612
145.650867048819634
151.892264366460637
150.587939639268200
150.835090592813600
153.010511946799056
146.572587919187981
147.445371215796143
151.056837473061250
150.269758178670770
151.594195617466966
147.733797494509503
151.899654593068931
145.843516664483246
148.397424178426292
151.047263955292095
150.631028296621452
144.588139419408719
152.968506550681099
147.686146762192351
149.455251752975471
148.316059631682890
151.646385284529345
139.817919539303460
137.044643691008844
152.333309064538355
152.039055760568118
150.017756194737217
152.819649719741619
145.439838403037498
148.461042608809151
146.822541308970983
139.716471015708180
147.243271691335224
142.976479035035567
147.832846329629774
145.542691586105946
149.404154791505192
147.882439009825276
154.208065583978822
145.572067877744132
149.849236188772437
145.051813957342574
148.059067491114149
147.434418078151424
140.554272929327198
145.313166934234431
151.547354525789416
150.972602550013988
146.097328153783280
151.736640377425175
149.332041025905312
141.812433778225454
145.001777311515468
134.517679916797277
148.718106537509414
150.163143653375897
151.934888491600418
148.708354959853352
151.877620203681261
147.426770575545930
145.877506491491545
145.406165637071524
147.439506994419844
149.933900140205992
153.516371382302026
150.978507564330158
140.951625137660471
152.004609819628286
130.744494609083006
150.892432267739167
152.363792450365679
148.517902155720805
146.186588044437030
147.298800448779133
135.019521166197393
146.336321640628768
145.283793167919043
145.306500963062092
147.045518698068975
147.596775695644425
145.016684846222631
144.180986053356122
138.668093586784153
148.604611099317367
151.974625440688470
144.656586319868865
150.852247310006561
146.247047284133657
144.257438359986622
149.853829998782118
147.273174628484185
145.263436887629837
153.474299523046398
147.271246603894497
147.755702166401733
135.955249059186144
